"strain,-","stress,MPa","stress,Pa"
0.0,1338.8795487503423,1338879548.7503424
0.0005,1342.6478919470412,1342647891.9470413
0.001,1346.3954602343472,1346395460.234347
0.0015,1350.1223707131628,1350122370.713163
0.002,1353.8287398223363,1353828739.8223362
0.0025,1357.5146833424405,1357514683.3424406
0.003,1361.1803163995335,1361180316.3995335
0.0035,1364.825753468895,1364825753.468895
0.004,1368.451108378739,1368451108.378739
0.0045,1372.0564943139073,1372056494.3139071
0.005,1375.6420238195371,1375642023.8195372
0.0055,1379.2078088047124,1379207808.8047123
0.006,1382.753960546087,1382753960.546087
0.0065,1386.2805896914913,1386280589.6914914
0.007,1389.787806263516,1389787806.263516
0.0075,1393.2757196630726,1393275719.6630726
0.008,1396.7444386729376,1396744438.6729376
0.0085,1400.1940714612697,1400194071.4612696
0.009,1403.624725585112,1403624725.5851119
0.0095,1407.0365079938695,1407036507.9938695
0.01,1410.4295250327677,1410429525.0327678
0.0105,1413.803882446292,1413803882.446292
0.011,1417.1596853816043,1417159685.3816042
0.0115,1420.4970383919417,1420497038.3919418
0.012,1423.8160454399945,1423816045.4399946
0.0125,1427.1168099012632,1427116809.9012632
0.013,1430.3994345673993,1430399434.5673993
0.0135,1433.6640216495232,1433664021.6495233
0.014,1436.9106727815229,1436910672.7815228
0.0145,1440.1394890233357,1440139489.0233357
0.015,1443.3505708642094,1443350570.8642094
0.0155,1446.544018225944,1446544018.225944
0.016,1449.7199304661146,1449719930.4661148
0.0165,1452.8784063812777,1452878406.3812778
0.017,1456.0195442101553,1456019544.2101552
0.0175,1459.1434416368033,1459143441.6368034
0.018,1462.2501957937604,1462250195.7937605
0.0185,1465.3399032651787,1465339903.2651787
0.019,1468.4126600899358,1468412660.0899358
0.0195,1471.4685617647303,1471468561.7647305
0.02,1474.5077032471584,1474507703.2471583
0.0205,1477.5301789587706,1477530178.9587708
0.021,1480.536082788116,1480536082.788116
0.0215,1483.5255080937627,1483525508.0937626
0.022,1486.498547707306,1486498547.707306
0.0225,1489.4552939363555,1489455293.9363556
0.023,1492.3958385675076,1492395838.5675075
0.0235,1495.3202728692984,1495320272.8692985
0.024,1498.2286875951422,1498228687.5951421
0.0245,1501.121172986251,1501121172.9862509
0.025,1503.9978187745373,1503997818.7745373
0.0255,1506.8587141855019,1506858714.1855018
0.026,1509.7039479411028,1509703947.9411027
0.0265,1512.5336082626093,1512533608.2626092
0.027,1515.3477828734385,1515347782.8734386
0.0275,1518.1465590019773,1518146559.0019772
0.028,1520.9300233843844,1520930023.3843844
0.0285,1523.6982622673816,1523698262.2673817
0.029,1526.4513614110235,1526451361.4110236
0.0295,1529.1894060914562,1529189406.0914562
0.03,1531.9124811036559,1531912481.1036558
0.0305,1534.6206707641547,1534620670.7641547
0.031,1537.3140589137502,1537314058.9137502
0.0315,1539.9927289201985,1539992728.9201984
0.032,1542.6567636808923,1542656763.6808922
0.0325,1545.306245625524,1545306245.625524
0.033,1547.941256718734,1547941256.718734
0.0335,1550.561878462741,1550561878.4627411
0.034,1553.1681918999627,1553168191.8999627
0.0345,1555.7602776156148,1555760277.6156147
0.035,1558.3382157402998,1558338215.7402997
0.0355,1560.902085952581,1560902085.952581
0.036,1563.4519674815376,1563451967.4815376
0.0365,1565.9879391093114,1565987939.1093113
0.037,1568.5100791736313,1568510079.1736314
0.0375,1571.0184655703322,1571018465.5703323
0.038,1573.5131757558515,1573513175.7558515
0.0385,1575.9942867497164,1575994286.7497163
0.039,1578.4618751370142,1578461875.1370142
0.0395,1580.9160170708521,1580916017.070852
0.04,1583.356788274796,1583356788.274796
0.0405,1585.7842640453048,1585784264.0453048
0.041,1588.1985192541422,1588198519.2541423
0.0415,1590.5996283507811,1590599628.3507812
0.042,1592.9876653647889,1592987665.3647888
0.0425,1595.362703908204,1595362703.9082038
0.043,1597.7248171778954,1597724817.1778953
0.0435,1600.0740779579114,1600074077.9579115
0.044,1602.4105586218122,1602410558.6218123
0.0445,1604.73433113499,1604734331.13499
0.045,1607.0454670569795,1607045467.0569794
0.0455,1609.3440375437488,1609344037.5437489
0.046,1611.6301133499824,1611630113.3499823
0.0465,1613.9037648313495,1613903764.8313494
0.047,1616.165061946758,1616165061.946758
0.0475,1618.4140742605991,1618414074.2605991
0.048,1620.6508709449752,1620650870.9449751
0.0485,1622.8755207819172,1622875520.781917
0.049,1625.0880921655898,1625088092.1655898
0.0495,1627.2886531044826,1627288653.1044827
0.05,1629.47727122359,1629477271.22359
0.0505,1631.6540137665772,1631654013.7665772
0.051,1633.8189475979361,1633818947.5979362
0.0515,1635.9721392051276,1635972139.2051277
0.052,1638.1136547007104,1638113654.7007103
0.0525,1640.243559824461,1640243559.824461
0.053,1642.3619199454786,1642361919.9454787
0.0535,1644.4688000642793,1644468800.0642793
0.054,1646.5642648148796,1646564264.8148797
0.0545,1648.6483784668649,1648648378.4668648
0.055,1650.7212049274483,1650721204.9274483
0.0555,1652.7828077435197,1652782807.7435198
0.056,1654.8332501036793,1654833250.1036794
0.0565,1656.8725948402605,1656872594.8402605
0.057,1658.9009044313445,1658900904.4313445
0.0575,1660.9182410027597,1660918241.0027597
0.058,1662.9246663300705,1662924666.3300705
0.0585,1664.9202418405573,1664920241.8405573
0.059,1666.9050286151828,1666905028.6151829
0.0595,1668.8790873905461,1668879087.390546
0.06,1670.8424785608295,1670842478.5608294
0.0605,1672.7952621797317,1672795262.1797316
0.061,1674.7374979623896,1674737497.9623897
0.0615,1676.6692452872908,1676669245.2872908
0.062,1678.590563198174,1678590563.198174
0.0625,1680.5015104059207,1680501510.4059207
0.063,1682.4021452904312,1682402145.2904313
0.0635,1684.292525902498,1684292525.902498
0.064,1686.1727099656591,1686172709.9656591
0.0645,1688.0427548780497,1688042754.8780496
0.065,1689.9027177142373,1689902717.7142372
0.0655,1691.7526552270479,1691752655.227048
0.066,1693.5926238493844,1693592623.8493843
0.0665,1695.4226796960309,1695422679.6960309
0.067,1697.2428785654492,1697242878.5654492
0.0675,1699.0532759415646,1699053275.9415646
0.068,1700.8539269955413,1700853926.9955413
0.0685,1702.644886587548,1702644886.587548
0.069,1704.4262092685126,1704426209.2685125
0.0695,1706.1979492818696,1706197949.2818696
0.07,1707.9601605652927,1707960160.5652926
0.0705,1709.7128967524245,1709712896.7524245
0.071,1711.4562111745888,1711456211.174589
0.0715,1713.1901568624996,1713190156.8624997
0.072,1714.9147865479563,1714914786.5479562
0.0725,1716.6301526655318,1716630152.6655319
0.073,1718.3363073542484,1718336307.3542485
0.0735,1720.0333024592476,1720033302.4592476
0.074,1721.7211895334474,1721721189.5334475
0.0745,1723.4000198391925,1723400019.8391924
0.075,1725.0698443498923,1725069844.3498924
0.0755,1726.7307137516539,1726730713.751654
0.076,1728.3826784449018,1728382678.4449017
0.0765,1730.0257885459896,1730025788.5459895
0.077,1731.660093888805,1731660093.888805
0.0775,1733.285644026362,1733285644.026362
0.078,1734.9024882323858,1734902488.2323859
0.0785,1736.5106755028905,1736510675.5028906
0.079,1738.1102545577432,1738110254.5577433
0.0795,1739.7012738422256,1739701273.8422256
0.08,1741.2837815285811,1741283781.5285811
0.0805,1742.8578255175544,1742857825.5175543
0.081,1744.423453439927,1744423453.439927
0.0815,1745.980712658037,1745980712.658037
0.082,1747.529650267295,1747529650.267295
0.0825,1749.0703130976904,1749070313.0976903
0.083,1750.6027477152877,1750602747.7152877
0.0835,1752.1270004237178,1752127000.4237177
0.084,1753.6431172656557,1753643117.2656558
0.0845,1755.151144024294,1755151144.024294
0.085,1756.6511262248082,1756651126.2248082
0.0855,1758.14310913581,1758143109.13581
0.086,1759.627137770796,1759627137.770796
0.0865,1761.103256889587,1761103256.8895872
0.087,1762.5715109997584,1762571510.9997585
0.0875,1764.0319443580631,1764031944.3580632
0.088,1765.4846009718472,1765484600.971847
0.0885,1766.9295246004565,1766929524.6004565
0.089,1768.3667587566351,1768366758.7566352
0.0895,1769.796346707917,1769796346.7079172
0.09,1771.2183314780102,1771218331.4780102
0.0905,1772.632755848169,1772632755.8481688
0.091,1774.039662358565,1774039662.358565
0.0915,1775.4390933096454,1775439093.3096454
0.092,1776.831090763485,1776831090.763485
0.0925,1778.2156965451316,1778215696.5451314
0.093,1779.592952243942,1779592952.243942
0.0935,1780.9628992149123,1780962899.2149124
0.094,1782.325578579999,1782325578.579999
0.0945,1783.6810312294335,1783681031.2294335
0.095,1785.02929782303,1785029297.82303
0.0955,1786.3704187914839,1786370418.7914839
0.096,1787.7044343376647,1787704434.3376646
0.0965,1789.0313844379007,1789031384.4379008
0.097,1790.351308843257,1790351308.843257
0.0975,1791.6642470808056,1791664247.0808055
0.098,1792.9702384548882,1792970238.454888
0.0985,1794.2693220483748,1794269322.0483747
0.099,1795.5615367239084,1795561536.7239084
0.0995,1796.8469211251515,1796846921.1251516
0.1,1798.1255136780185,1798125513.6780186
0.1005,1799.3973525919043,1799397352.5919044
0.101,1800.662475860905,1800662475.860905
0.1015,1801.9209212650328,1801920921.2650328
0.102,1803.1727263714233,1803172726.3714232
0.1025,1804.4179285355349,1804417928.5355349
0.103,1805.656564902344,1805656564.902344
0.1035,1806.8886724075303,1806888672.4075303
0.104,1808.1142877786588,1808114287.7786589
0.1045,1809.3334475363524,1809333447.5363524
0.105,1810.5461879954587,1810546187.9954586
0.1055,1811.752545266211,1811752545.266211
0.106,1812.9525552553816,1812952555.2553816
0.1065,1814.1462536674298,1814146253.66743
0.107,1815.333676005642,1815333676.005642
0.1075,1816.5148575732658,1816514857.5732658
0.108,1817.6898334746397,1817689833.4746397
0.1085,1818.8586386163126,1818858638.6163127
0.109,1820.0213077081605,1820021307.7081606
0.1095,1821.1778752644948,1821177875.264495
0.11,1822.328375605165,1822328375.605165
0.1105,1823.4728428566564,1823472842.8566563
0.111,1824.611310953178,1824611310.953178
0.1115,1825.7438136377489,1825743813.637749
0.112,1826.870384463275,1826870384.463275
0.1125,1827.9910567936222,1827991056.7936223
0.113,1829.105863804681,1829105863.8046808
0.1135,1830.2148384854263,1830214838.4854262
0.114,1831.3180136389728,1831318013.6389728
0.1145,1832.4154218836215,1832415421.8836215
0.115,1833.5070956539018,1833507095.6539018
0.1155,1834.5930672016093,1834593067.2016094
0.116,1835.6733685968334,1835673368.5968335
0.1165,1836.7480317289835,1836748031.7289834
0.117,1837.8170883078078,1837817088.307808
0.1175,1838.8805698644057,1838880569.8644056
0.118,1839.9385077522352,1839938507.7522352
0.1185,1840.9909331481128,1840990933.1481128
0.119,1842.0378770532138,1842037877.0532138
0.1195,1843.079370294057,1843079370.2940571
0.12,1844.115443523494,1844115443.523494
0.1205,1845.1461272216848,1845146127.2216847
0.121,1846.1714516970744,1846171451.6970744
0.1215,1847.1914470873573,1847191447.0873573
0.122,1848.206143360445,1848206143.360445
0.1225,1849.215570315418,1849215570.315418
0.123,1850.219757583482,1850219757.583482
0.1235,1851.2187346289109,1851218734.6289108
0.124,1852.2125307499896,1852212530.7499895
0.1245,1853.2011750799506,1853201175.0799506
0.125,1854.1846965879015,1854184696.5879016
0.1255,1855.1631240797537,1855163124.0797536
0.126,1856.1364861991406,1856136486.1991405
0.1265,1857.1048114283317,1857104811.4283316
0.127,1858.068128089144,1858068128.089144
0.1275,1859.026464343846,1859026464.343846
0.128,1859.9798481960559,1859979848.196056
0.1285,1860.9283074916375,1860928307.4916375
0.129,1861.871869919589,1861871869.919589
0.1295,1862.810563012927,1862810563.012927
0.13,1863.7444141495655,1863744414.1495655
0.1305,1864.6734505531922,1864673450.5531921
0.131,1865.597699294134,1865597699.294134
0.1315,1866.517187290226,1866517187.290226
0.132,1867.4319413076687,1867431941.3076687
0.1325,1868.3419879618816,1868341987.9618816
0.133,1869.2473537183573,1869247353.7183573
0.1335,1870.1480648935,1870148064.8935
0.134,1871.0441476554736,1871044147.6554735
0.1345,1871.935628025032,1871935628.025032
0.135,1872.8225318763511,1872822531.876351
0.1355,1873.7048849378566,1873704884.9378567
0.136,1874.582712793044,1874582712.793044
0.1365,1875.4560408812956,1875456040.8812957
0.137,1876.3248944986935,1876324894.4986935
0.1375,1877.1892987988283,1877189298.7988284
0.138,1878.0492787935991,1878049278.7935991
0.1385,1878.9048593540153,1878904859.3540154
0.139,1879.7560652109892,1879756065.2109892
0.1395,1880.6029209561268,1880602920.9561267
0.14,1881.4454510425114,1881445451.0425115
0.1405,1882.2836797854854,1882283679.7854855
0.141,1883.117631363427,1883117631.3634272
0.1415,1883.9473298185217,1883947329.8185217
0.142,1884.7727990575295,1884772799.0575294
0.1425,1885.5940628525495,1885594062.8525496
0.143,1886.4111448417766,1886411144.8417766
0.1435,1887.2240685302602,1887224068.53026
0.144,1888.03285729065,1888032857.2906501
0.1445,1888.8375343639457,1888837534.3639457
0.145,1889.6381228602374,1889638122.8602374
0.1455,1890.4346457594438,1890434645.7594438
0.146,1891.227125912046,1891227125.912046
0.1465,1892.0155860398174,1892015586.0398173
0.147,1892.8000487365482,1892800048.7365482
0.1475,1893.5805364687671,1893580536.4687672
0.148,1894.3570715764595,1894357071.5764594
0.1485,1895.1296762737793,1895129676.2737794
0.149,1895.8983726497586,1895898372.6497586
0.1495,1896.6631826690136,1896663182.6690137
0.15,1897.424128172445,1897424128.172445
0.1505,1898.1812308779356,1898181230.8779356
0.151,1898.9345123810438,1898934512.3810437
0.1515,1899.6839941556923,1899683994.1556923
0.152,1900.4296975548543,1900429697.5548544
0.1525,1901.1716438112353,1901171643.8112352
0.153,1901.9098540379507,1901909854.0379508
0.1535,1902.6443492291992,1902644349.2291992
0.154,1903.3751502609334,1903375150.2609334
0.1545,1904.1022778915276,1904102277.8915277
0.155,1904.8257527624378,1904825752.7624378
0.1555,1905.5455953988633,1905545595.3988633
0.156,1906.2618262103997,1906261826.2103996
0.1565,1906.9744654916922,1906974465.491692
0.157,1907.6835334230816,1907683533.4230816
0.1575,1908.389050071251,1908389050.071251
0.158,1909.0910353898628,1909091035.3898628
0.1585,1909.7895092201998,1909789509.2201998
0.159,1910.4844912917956,1910484491.2917957
0.1595,1911.176001223065,1911176001.223065
0.16,1911.8640585219307,1911864058.5219307
0.1605,1912.548682586446,1912548682.5864458
0.161,1913.229892705414,1913229892.7054138
0.1615,1913.9077080590016,1913907708.0590017
0.162,1914.5821477193554,1914582147.7193553
0.1625,1915.253230651206,1915253230.651206
0.163,1915.9209757124777,1915920975.7124777
0.1635,1916.585401654886,1916585401.654886
0.164,1917.246527124541,1917246527.124541
0.1645,1917.9043706625382,1917904370.6625383
0.165,1918.558950705553,1918558950.7055528
0.1655,1919.210285586427,1919210285.586427
0.166,1919.8583935347556,1919858393.5347555
0.1665,1920.503292677469,1920503292.677469
0.167,1921.1450010394092,1921145001.0394092
0.1675,1921.7835365439068,1921783536.543907
0.168,1922.4189170133534,1922418917.0133533
0.1685,1923.0511601697688,1923051160.1697688
0.169,1923.6802836353693,1923680283.6353693
0.1695,1924.3063049331263,1924306304.9331262
0.17,1924.9292414873294,1924929241.4873292
0.1705,1925.5491106241393,1925549110.6241393
0.171,1926.165929572144,1926165929.572144
0.1715,1926.7797154629066,1926779715.4629066
0.172,1927.3904853315107,1927390485.3315108
0.1725,1927.998256117108,1927998256.1171079
0.173,1928.6030446634554,1928603044.6634555
0.1735,1929.2048677194541,1929204867.719454
0.174,1929.803741939684,1929803741.939684
0.1745,1930.3996838849353,1930399683.8849351
0.175,1930.9927100227364,1930992710.0227365
0.1755,1931.5828367278805,1931582836.7278805
0.176,1932.1700802829466,1932170080.2829466
0.1765,1932.75445687882,1932754456.8788202
0.177,1933.3359826152114,1933335982.6152115
0.1775,1933.9146735011648,1933914673.5011647
0.178,1934.490545455574,1934490545.455574
0.1785,1935.063614307689,1935063614.307689
0.179,1935.6338957976195,1935633895.7976196
0.1795,1936.2014055768389,1936201405.576839
0.18,1936.7661592086822,1936766159.2086823
0.1805,1937.3281721688463,1937328172.1688464
0.181,1937.8874598458785,1937887459.8458786
0.1815,1938.4440375416723,1938444037.5416722
0.182,1938.9979204719518,1938997920.4719517
0.1825,1939.5491237667616,1939549123.7667615
0.183,1940.097662470944,1940097662.470944
0.1835,1940.643551544626,1940643551.544626
0.184,1941.1868058636896,1941186805.8636897
0.1845,1941.7274402202515,1941727440.2202516
0.185,1942.2654693231334,1942265469.3231335
0.1855,1942.8009077983313,1942800907.7983313
0.186,1943.3337701894816,1943333770.1894815
0.1865,1943.8640709583267,1943864070.9583266
0.187,1944.391824485175,1944391824.485175
0.1875,1944.9170450693607,1944917045.0693607
0.188,1945.4397469296998,1945439746.9297
0.1885,1945.9599442049437,1945959944.2049437
0.189,1946.4776509542303,1946477650.9542303
0.1895,1946.9928811575326,1946992881.1575325
0.19,1947.5056487161046,1947505648.7161045
0.1905,1948.0159674529255,1948015967.4529254
0.191,1948.5238511131404,1948523851.1131403
0.1915,1949.0293133644986,1949029313.3644986
0.192,1949.5323677977901,1949532367.79779
0.1925,1950.0330279272785,1950033027.9272785
0.193,1950.5313071911335,1950531307.1911335
0.1935,1951.0272189518582,1951027218.9518583
0.194,1951.5207764967163,1951520776.4967163
0.1945,1952.0119930381563,1952011993.0381563
0.195,1952.5008817142327,1952500881.7142327
0.1955,1952.9874555890237,1952987455.5890238
0.196,1953.4717276530512,1953471727.6530511
0.1965,1953.953710823692,1953953710.823692
0.197,1954.433417945592,1954433417.9455922
0.1975,1954.9108617910765,1954910861.7910764
0.198,1955.3860550605548,1955386055.0605547
0.1985,1955.859010382928,1955859010.3829281
0.199,1956.3297403159904,1956329740.3159904
0.1995,1956.798257346832,1956798257.346832
0.2,1957.2645738922354,1957264573.8922353
0.2005,1957.7287022990718,1957728702.2990718
0.201,1958.1906548446946,1958190654.8446946
0.2015,1958.6504437373337,1958650443.7373338
0.202,1959.1080811164818,1959108081.1164818
0.2025,1959.5635790532835,1959563579.0532835
0.203,1960.01694955092,1960016949.5509198
0.2035,1960.4682045449902,1960468204.54499
0.204,1960.917355903896,1960917355.9038959
0.2045,1961.3644154292156,1961364415.4292157
0.205,1961.809394856084,1961809394.856084
0.2055,1962.2523058535658,1962252305.8535657
0.206,1962.6931600250268,1962693160.0250268
0.2065,1963.1319689085049,1963131968.908505
0.207,1963.5687439770782,1963568743.9770782
0.2075,1964.0034966392313,1964003496.6392314
0.208,1964.4362382392187,1964436238.2392187
0.2085,1964.8669800574264,1964866980.0574265
0.209,1965.2957333107324,1965295733.3107324
0.2095,1965.722509152865,1965722509.1528652
0.21,1966.1473186747567,1966147318.6747568
0.2105,1966.5701729048997,1966570172.9048996
0.211,1966.9910828096974,1966991082.8096974
0.2115,1967.4100592938141,1967410059.2938142
0.212,1967.8271132005216,1967827113.2005215
0.2125,1968.242255312048,1968242255.312048
0.213,1968.6554963499175,1968655496.3499174
0.2135,1969.0668469752973,1969066846.9752972
0.214,1969.4763177893333,1969476317.7893333
0.2145,1969.8839193334907,1969883919.3334906
0.215,1970.289662089889,1970289662.0898888
0.2155,1970.6935564816383,1970693556.4816384
0.216,1971.0956128731686,1971095612.8731687
0.2165,1971.4958415705635,1971495841.5705636
0.217,1971.8942528218877,1971894252.8218877
0.2175,1972.2908568175121,1972290856.817512
0.218,1972.6856636904433,1972685663.6904433
0.2185,1973.078683516641,1973078683.516641
0.219,1973.4699263153448,1973469926.3153448
0.2195,1973.8594020493897,1973859402.0493896
0.22,1974.2471206255268,1974247120.625527
0.2205,1974.633091894737,1974633091.894737
0.221,1975.0173256525468,1975017325.652547
0.2215,1975.3998316393397,1975399831.6393397
0.222,1975.780619540668,1975780619.540668
0.2225,1976.159698987561,1976159698.987561
0.223,1976.5370795568301,1976537079.5568302
0.2235,1976.912770771379,1976912770.771379
0.224,1977.2867821005036,1977286782.1005037
0.2245,1977.6591229601945,1977659122.9601946
0.225,1978.0298027134393,1978029802.7134392
0.2255,1978.398830670519,1978398830.6705189
0.226,1978.766216089305,1978766216.0893052
0.2265,1979.1319681755574,1979131968.1755574
0.227,1979.4960960832138,1979496096.0832138
0.2275,1979.8586089146854,1979858608.9146855
0.228,1980.2195157211447,1980219515.7211447
0.2285,1980.5788255028162,1980578825.5028162
0.229,1980.9365472092607,1980936547.2092607
0.2295,1981.2926897396644,1981292689.7396643
0.23,1981.6472619431179,1981647261.9431179
0.2305,1982.0002726189043,1982000272.6189044
0.231,1982.3517305167745,1982351730.5167744
0.2315,1982.701644337229,1982701644.337229
0.232,1983.050022731794,1983050022.7317939
0.2325,1983.3968743033,1983396874.3033
0.233,1983.742207606152,1983742207.606152
0.2335,1984.0860311466058,1984086031.1466057
0.234,1984.4283533830371,1984428353.383037
0.2345,1984.769182726213,1984769182.7262132
0.235,1985.1085275395585,1985108527.5395584
0.2355,1985.4463961394235,1985446396.1394236
0.236,1985.7827967953501,1985782796.79535
0.2365,1986.1177377303336,1986117737.7303336
0.237,1986.4512271210854,1986451227.1210854
0.2375,1986.783273098294,1986783273.098294
0.238,1987.113883746886,1987113883.746886
0.2385,1987.4430671062798,1987443067.1062799
0.239,1987.7708311706467,1987770831.1706467
0.2395,1988.0971838891624,1988097183.8891623
0.24,1988.4221331662618,1988422133.166262
0.2405,1988.7456868618904,1988745686.8618903
0.241,1989.067852791756,1989067852.791756
0.2415,1989.3886387275759,1989388638.7275758
0.242,1989.7080523973286,1989708052.3973286
0.2425,1990.0261014854957,1990026101.4854958
0.243,1990.3427936333094,1990342793.6333094
0.2435,1990.658136438995,1990658136.438995
0.244,1990.972137458015,1990972137.458015
0.2445,1991.2848042033079,1991284804.2033079
0.245,1991.5961441455295,1991596144.1455295
0.2455,1991.9061647132885,1991906164.7132885
0.246,1992.2148732933872,1992214873.2933872
0.2465,1992.5222772310535,1992522277.2310536
0.247,1992.828383830177,1992828383.830177
0.2475,1993.133200353541,1993133200.3535411
0.248,1993.4367340230554,1993436734.0230553
0.2485,1993.7389920199846,1993738992.0199847
0.249,1994.0399814851783,1994039981.4851782
0.2495,1994.339709519299,1994339709.519299
0.25,1994.6381831830477,1994638183.1830478
0.2505,1994.9354094973896,1994935409.4973896
0.251,1995.231395443778,1995231395.443778
0.2515,1995.5261479643755,1995526147.9643755
0.252,1995.8196739622774,1995819673.9622774
0.2525,1996.1119803017302,1996111980.3017302
0.253,1996.403073808352,1996403073.808352
0.2535,1996.6929612693477,1996692961.2693477
0.254,1996.981649433727,1996981649.433727
0.2545,1997.2691450125205,1997269145.0125206
0.255,1997.5554546789917,1997555454.6789918
0.2555,1997.8405850688503,1997840585.0688503
0.256,1998.1245427804643,1998124542.7804642
0.2565,1998.4073343750688,1998407334.375069
0.257,1998.6889663769791,1998688966.376979
0.2575,1998.9694452737936,1998969445.2737935
0.258,1999.248777516603,1999248777.516603
0.2585,1999.5269695201973,1999526969.5201974
0.259,1999.804027663268,1999804027.663268
0.2595,2000.0799582886116,2000079958.2886117
0.26,2000.3547677033346,2000354767.7033346
0.2605,2000.6284621790496,2000628462.1790497
0.261,2000.9010479520812,2000901047.9520812
0.2615,2001.1725312236583,2001172531.2236583
0.262,2001.442918160118,2001442918.160118
0.2625,2001.712214893098,2001712214.893098
0.263,2001.9804275197332,2001980427.5197332
0.2635,2002.2475621028505,2002247562.1028504
0.264,2002.513624671162,2002513624.671162
0.2645,2002.7786212194558,2002778621.2194557
0.265,2003.0425577087897,2003042557.7087896
0.2655,2003.305440066678,2003305440.066678
0.266,2003.5672741872834,2003567274.1872833
0.2665,2003.8280659316035,2003828065.9316034
0.267,2004.0878211276565,2004087821.1276565
0.2675,2004.3465455706692,2004346545.5706692
0.268,2004.6042450232605,2004604245.0232606
0.2685,2004.8609252156252,2004860925.2156253
0.269,2005.1165918457154,2005116591.8457155
0.2695,2005.3712505794258,2005371250.5794258
0.27,2005.6249070507695,2005624907.0507696
0.2705,2005.8775668620615,2005877566.8620615
0.271,2006.1292355840942,2006129235.5840943
0.2715,2006.379918756318,2006379918.7563179
0.272,2006.6296218870148,2006629621.8870149
0.2725,2006.878350453475,2006878350.453475
0.273,2007.126109902174,2007126109.902174
0.2735,2007.3729056489412,2007372905.6489413
0.274,2007.618743079137,2007618743.0791368
0.2745,2007.8636275478216,2007863627.5478215
0.275,2008.1075643799277,2008107564.3799276
0.2755,2008.350558870429,2008350558.870429
0.276,2008.5926162845078,2008592616.2845078
0.2765,2008.833741857726,2008833741.8577259
0.277,2009.0739407961887,2009073940.7961886
0.2775,2009.313218276712,2009313218.276712
0.278,2009.551579446988,2009551579.4469879
0.2785,2009.789029425747,2009789029.425747
0.279,2010.0255733029235,2010025573.3029234
0.2795,2010.2612161398154,2010261216.1398153
0.28,2010.4959629692478,2010495962.9692478
0.2805,2010.7298187957315,2010729818.7957315
0.281,2010.9627885956236,2010962788.5956235
0.2815,2011.1948773172853,2011194877.3172853
0.282,2011.4260898812406,2011426089.8812406
0.2825,2011.656431180333,2011656431.180333
0.283,2011.8859060798784,2011885906.0798783
0.2835,2012.1145194178255,2012114519.4178255
0.284,2012.3422760049061,2012342276.0049062
0.2845,2012.5691806247885,2012569180.6247885
0.285,2012.7952380342317,2012795238.0342317
0.2855,2013.0204529632365,2013020452.9632366
0.286,2013.2448301151944,2013244830.1151943
0.2865,2013.4683741670392,2013468374.1670392
0.287,2013.6910897693967,2013691089.7693968
0.2875,2013.912981546731,2013912981.546731
0.288,2014.1340540974925,2014134054.0974925
0.2885,2014.3543119942647,2014354311.9942646
0.289,2014.5737597839106,2014573759.7839108
0.2895,2014.792401987715,2014792401.987715
0.29,2015.010243101532,2015010243.101532
0.2905,2015.2272875959256,2015227287.5959256
0.291,2015.4435399163133,2015443539.9163132
0.2915,2015.6590044831078,2015659004.4831078
0.292,2015.8736856918563,2015873685.6918564
0.2925,2016.0875879133832,2016087587.9133832
0.293,2016.3007154939278,2016300715.4939277
0.2935,2016.5130727552807,2016513072.7552807
0.294,2016.724663994927,2016724663.994927
0.2945,2016.935493486177,2016935493.486177
0.295,2017.1455654783065,2017145565.4783065
0.2955,2017.3548841966908,2017354884.1966908
0.296,2017.563453842939,2017563453.842939
0.2965,2017.7712785950291,2017771278.595029
0.297,2017.9783626074386,2017978362.6074386
0.2975,2018.1847100112795,2018184710.0112796
0.298,2018.3903249144287,2018390324.9144287
0.2985,2018.5952114016593,2018595211.4016593
0.299,2018.7993735347698,2018799373.5347698
0.2995,2019.002815352714,2019002815.3527138
0.3,2019.205540871731,2019205540.871731
0.3005,2019.4075540854703,2019407554.0854704
0.301,2019.6088589651217,2019608858.9651217
0.3015,2019.8094594595395,2019809459.4595397
0.302,2020.0093594953717,2020009359.4953716
0.3025,2020.2085629771805,2020208562.9771805
0.303,2020.4070737875704,2020407073.7875705
0.3035,2020.6048957873097,2020604895.7873096
0.304,2020.8020328154544,2020802032.8154545
0.3045,2020.9984886894708,2020998488.6894708
0.305,2021.1942672053567,2021194267.2053566
0.3055,2021.3893721377617,2021389372.1377616
0.306,2021.583807240108,2021583807.240108
0.3065,2021.7775762447102,2021777576.2447102
0.307,2021.9706828628935,2021970682.8628933
0.3075,2022.1631307851128,2022163130.7851129
0.308,2022.3549236810697,2022354923.6810699
0.3085,2022.5460651998287,2022546065.1998286
0.309,2022.7365589699343,2022736558.9699342
0.3095,2022.9264085995267,2022926408.5995266
0.31,2023.115617676457,2023115617.6764572
0.3105,2023.3041897683993,2023304189.7683992
0.311,2023.492128422966,2023492128.422966
0.3115,2023.6794371678232,2023679437.167823
0.312,2023.8661195107968,2023866119.5107968
0.3125,2024.0521789399909,2024052178.939991
0.313,2024.2376189238935,2024237618.9238935
0.3135,2024.4224429114913,2024422442.9114914
0.314,2024.6066543323757,2024606654.3323758
0.3145,2024.7902565968561,2024790256.596856
0.315,2024.973253096064,2024973253.0960639
0.3155,2025.155647202065,2025155647.202065
0.316,2025.3374422679626,2025337442.2679627
0.3165,2025.5186416280092,2025518641.628009
0.317,2025.6992485977075,2025699248.5977075
0.3175,2025.8792664739199,2025879266.4739199
0.318,2026.058698534972,2026058698.5349722
0.3185,2026.237548040756,2026237548.0407562
0.319,2026.4158182328363,2026415818.2328362
0.3195,2026.5935123345519,2026593512.3345518
0.32,2026.770633551118,2026770633.551118
0.3205,2026.9471850697314,2026947185.0697315
0.321,2027.1231700596672,2027123170.0596673
0.3215,2027.2985916723842,2027298591.6723843
0.322,2027.4734530416215,2027473453.0416214
0.3225,2027.647757283501,2027647757.2835011
0.323,2027.8215074966254,2027821507.4966254
0.3235,2027.9947067621772,2027994706.7621772
0.324,2028.1673581440166,2028167358.1440165
0.3245,2028.3394646887787,2028339464.6887786
0.325,2028.5110294259716,2028511029.4259717
0.3255,2028.6820553680716,2028682055.3680716
0.326,2028.85254551062,2028852545.51062
0.3265,2029.0225028323177,2029022502.8323178
0.327,2029.191930295121,2029191930.295121
0.3275,2029.3608308443352,2029360830.844335
0.328,2029.5292074087074,2029529207.4087074
0.3285,2029.6970629005227,2029697062.9005227
0.329,2029.8644002156946,2029864400.2156947
0.3295,2030.031222233856,2030031222.233856
0.33,2030.1975318184539,2030197531.8184538
0.3305,2030.363331816839,2030363331.816839
0.331,2030.528625060357,2030528625.0603569
0.3315,2030.6934143644369,2030693414.3644369
0.332,2030.8577025286822,2030857702.5286822
0.3325,2031.0214923369613,2031021492.3369613
0.333,2031.1847865574923,2031184786.5574923
0.3335,2031.3475879429354,2031347587.9429355
0.334,2031.5098992304763,2031509899.2304764
0.3345,2031.671723141918,2031671723.141918
0.335,2031.8330623837626,2031833062.3837626
0.3355,2031.9939196473015,2031993919.6473014
0.336,2032.1542976086985,2032154297.6086984
0.3365,2032.3141989290757,2032314198.9290757
0.337,2032.4736262545987,2032473626.2545986
0.3375,2032.6325822165604,2032632582.2165604
0.338,2032.7910694314644,2032791069.4314644
0.3385,2032.949090501109,2032949090.501109
0.339,2033.1066480126697,2033106648.0126696
0.3395,2033.2637445387807,2033263744.5387807
0.34,2033.4203826376186,2033420382.6376185
0.3405,2033.576564852982,2033576564.852982
0.341,2033.7322937143736,2033732293.7143736
0.3415,2033.8875717370806,2033887571.7370806
0.342,2034.0424014222533,2034042401.4222534
0.3425,2034.1967852569874,2034196785.2569873
0.343,2034.3507257143997,2034350725.7143996
0.3435,2034.5042252537107,2034504225.2537107
0.344,2034.6572863203198,2034657286.32032
0.3445,2034.8099113458843,2034809911.3458843
0.345,2034.9621027483956,2034962102.7483957
0.3455,2035.113862932259,2035113862.932259
0.346,2035.2651942883679,2035265194.2883677
0.3465,2035.416099194179,2035416099.194179
0.347,2035.5665800137908,2035566580.0137908
0.3475,2035.716639098017,2035716639.098017
0.348,2035.8662787844607,2035866278.7844608
0.3485,2036.0155013975907,2036015501.3975906
0.349,2036.1643092488146,2036164309.2488146
0.3495,2036.3127046365514,2036312704.6365514
0.35,2036.460689846305,2036460689.8463051
0.3505,2036.6082671507397,2036608267.1507397
0.351,2036.7554388097467,2036755438.8097467
0.3515,2036.9022070705216,2036902207.0705216
0.352,2037.0485741676341,2037048574.167634
0.3525,2037.1945423230977,2037194542.3230977
0.353,2037.340113746441,2037340113.746441
0.3535,2037.4852906347792,2037485290.6347792
0.354,2037.6300751728832,2037630075.172883
0.3545,2037.7744695332485,2037774469.5332484
0.355,2037.9184758761658,2037918475.8761659
0.3555,2038.0620963497877,2038062096.3497877
0.356,2038.2053330901988,2038205333.0901988
0.3565,2038.3481882214828,2038348188.2214828
0.357,2038.4906638557902,2038490663.8557901
0.3575,2038.632762093406,2038632762.093406
0.358,2038.7744850228153,2038774485.0228152
0.3585,2038.9158347207713,2038915834.7207713
0.359,2039.056813252359,2039056813.252359
0.3595,2039.1974226710645,2039197422.6710644
0.36,2039.337665018837,2039337665.018837
0.3605,2039.4775423261551,2039477542.3261552
0.361,2039.617056612091,2039617056.6120908
0.3615,2039.756209884375,2039756209.884375
0.362,2039.89500413946,2039895004.13946
0.3625,2040.0334413625844,2040033441.3625844
0.363,2040.1715235278336,2040171523.5278337
0.3635,2040.309252598206,2040309252.598206
0.364,2040.4466305256724,2040446630.5256724
0.3645,2040.583659251241,2040583659.251241
0.365,2040.7203407050158,2040720340.705016
0.3655,2040.8566768062612,2040856676.8062613
0.366,2040.9926694634605,2040992669.4634604
0.3665,2041.1283205743787,2041128320.5743787
0.367,2041.2636320261204,2041263632.0261204
0.3675,2041.3986056951924,2041398605.6951923
0.368,2041.5332434475617,2041533243.4475617
0.3685,2041.6675471387155,2041667547.1387155
0.369,2041.80151861372,2041801518.61372
0.3695,2041.9351597072782,2041935159.7072783
0.37,2042.0684722437904,2042068472.2437904
0.3705,2042.2014580374105,2042201458.0374105
0.371,2042.3341188921036,2042334118.8921037
0.3715,2042.4664566017043,2042466456.6017044
0.372,2042.5984729499728,2042598472.9499729
0.3725,2042.730169710653,2042730169.7106528
0.373,2042.8615486475273,2042861548.6475275
0.3735,2042.992611514473,2042992611.5144732
0.374,2043.1233600555195,2043123360.0555196
0.3745,2043.253796004902,2043253796.004902
0.375,2043.383921087117,2043383921.087117
0.3755,2043.5137370169775,2043513737.0169775
0.376,2043.643245499668,2043643245.499668
0.3765,2043.772448230798,2043772448.230798
0.377,2043.9013468964558,2043901346.8964558
0.3775,2044.0299431732615,2044029943.1732614
0.378,2044.1582387284225,2044158238.7284224
0.3785,2044.2862352197847,2044286235.2197847
0.379,2044.4139342958854,2044413934.2958853
0.3795,2044.541337596005,2044541337.596005
0.38,2044.6684467502228,2044668446.7502227
0.3805,2044.795263379462,2044795263.379462
0.381,2044.9217890955488,2044921789.0955489
0.3815,2045.0480255012583,2045048025.5012584
0.382,2045.1739741903673,2045173974.1903672
0.3825,2045.299636747705,2045299636.7477052
0.383,2045.4250147492044,2045425014.7492044
0.3835,2045.5501097619485,2045550109.7619486
0.384,2045.6749233442256,2045674923.3442256
0.3845,2045.7994570455744,2045799457.0455744
0.385,2045.923712406835,2045923712.406835
0.3855,2046.0476909601987,2046047690.9601986
0.386,2046.1713942292545,2046171394.2292545
0.3865,2046.2948237290398,2046294823.7290397
0.387,2046.4179809660864,2046417980.9660864
0.3875,2046.5408674384703,2046540867.4384704
0.388,2046.663484635858,2046663484.6358578
0.3885,2046.7858340395549,2046785834.0395548
0.389,2046.9079171225505,2046907917.1225505
0.3895,2047.0297353495678,2047029735.349568
0.39,2047.1512901771077,2047151290.1771078
0.3905,2047.2725830534962,2047272583.0534961
0.391,2047.393615418931,2047393615.418931
0.3915,2047.5143887055244,2047514388.7055244
0.392,2047.6349043373534,2047634904.3373535
0.3925,2047.7551637305016,2047755163.7305017
0.393,2047.8751682931047,2047875168.2931046
0.3935,2047.9949194253954,2047994919.4253955
0.394,2048.114418519749,2048114418.5197492
0.3945,2048.233666960726,2048233666.9607263
0.395,2048.352666125117,2048352666.125117
0.3955,2048.4714173819857,2048471417.3819857
0.396,2048.5899220927136,2048589922.0927136
0.3965,2048.7081816110426,2048708181.6110427
0.397,2048.8261972831174,2048826197.2831173
0.3975,2048.9439704475294,2048943970.4475293
0.398,2049.0615024353574,2049061502.4353573
0.3985,2049.1787945702126,2049178794.5702126
0.399,2049.2958481682786,2049295848.1682785
0.3995,2049.4126645383535,2049412664.5383534
0.4,2049.5292449818917,2049529244.9818916
0.4005,2049.645590793045,2049645590.7930448
0.401,2049.7617032587045,2049761703.2587044
0.4015,2049.8775836585414,2049877583.6585414
0.402,2049.993233265045,2049993233.2650452
0.4025,2050.108653343568,2050108653.3435683
0.403,2050.2238451523617,2050223845.1523616
0.4035,2050.3388099426197,2050338809.9426198
0.404,2050.4535489585155,2050453548.9585154
0.4045,2050.5680634372416,2050568063.4372416
0.405,2050.682354609051,2050682354.609051
0.4055,2050.7964236972953,2050796423.6972952
0.406,2050.910271918463,2050910271.918463
0.4065,2051.0239004822183,2051023900.4822183
0.407,2051.1373105914386,2051137310.5914385
0.4075,2051.2505034422556,2051250503.4422557
0.408,2051.3634802240904,2051363480.2240903
0.4085,2051.476242119692,2051476242.1196918
0.409,2051.5887903051757,2051588790.3051758
0.4095,2051.70112595006,2051701125.9500601
0.41,2051.813250217302,2051813250.217302
0.4105,2051.925164263338,2051925164.263338
0.411,2052.036869238117,2052036869.2381172
0.4115,2052.1483662851383,2052148366.2851384
0.412,2052.259656541488,2052259656.541488
0.4125,2052.3707411378746,2052370741.1378746
0.413,2052.4816211986654,2052481621.1986654
0.4135,2052.592297841922,2052592297.841922
0.414,2052.702772179436,2052702772.1794362
0.4145,2052.8130453167632,2052813045.3167632
0.415,2052.9231183532597,2052923118.3532598
0.4155,2053.032992382118,2053032992.3821182
0.416,2053.1426684903986,2053142668.4903986
0.4165,2053.2521477590667,2053252147.7590668
0.417,2053.361431263026,2053361431.2630262
0.4175,2053.4705200711537,2053470520.0711536
0.418,2053.579415246332,2053579415.2463317
0.4185,2053.688117845484,2053688117.8454843
0.419,2053.796628919607,2053796628.919607
0.4195,2053.9049495138056,2053904949.5138056
0.42,2054.0130806673237,2054013080.6673238
0.4205,2054.1210234135783,2054121023.4135783
0.421,2054.2287787801947,2054228778.7801948
0.4215,2054.336347789035,2054336347.7890348
0.422,2054.4437314562315,2054443731.4562316
0.4225,2054.5509307922216,2054550930.7922215
0.423,2054.6579468017785,2054657946.8017786
0.4235,2054.764780484041,2054764780.4840407
0.424,2054.8714328325473,2054871432.8325472
0.4245,2054.9779048352657,2054977904.8352656
0.425,2055.084197474628,2055084197.4746282
0.4255,2055.190311727558,2055190311.727558
0.426,2055.296248565502,2055296248.5655022
0.4265,2055.4020089544633,2055402008.9544632
0.427,2055.50759385503,2055507593.8550298
0.4275,2055.6130042224045,2055613004.2224045
0.428,2055.718241006438,2055718241.0064378
0.4285,2055.8233051516554,2055823305.1516554
0.429,2055.92819759729,2055928197.5972898
0.4295,2056.0329192773097,2056032919.2773097
0.43,2056.137471120448,2056137471.120448
0.4305,2056.2418540502354,2056241854.0502353
0.431,2056.3460689850244,2056346068.9850245
0.4315,2056.450116838022,2056450116.838022
0.432,2056.553998517318,2056553998.5173182
0.4325,2056.6577149259133,2056657714.9259133
0.433,2056.761266961749,2056761266.9617488
0.4335,2056.8646555177324,2056864655.5177324
0.434,2056.9678814817707,2056967881.4817708
0.4345,2057.0709457367943,2057070945.7367942
0.435,2057.1738491607857,2057173849.1607857
0.4355,2057.2765926268094,2057276592.6268094
0.436,2057.379177003038,2057379177.003038
0.4365,2057.4816031527785,2057481603.1527784
0.437,2057.583871934504,2057583871.9345038
0.4375,2057.6859842018744,2057685984.2018743
0.438,2057.78794080377,2057787940.8037703
0.4385,2057.8897425843147,2057889742.5843148
0.439,2057.9913903829024,2057991390.3829024
0.4395,2058.0928850342257,2058092885.0342257
0.44,2058.1942273683026,2058194227.3683026
0.4405,2058.295418210499,2058295418.210499
0.441,2058.3964583815596,2058396458.3815596
0.4415,2058.497348697631,2058497348.697631
0.442,2058.5980899702877,2058598089.9702876
0.4425,2058.6986830065593,2058698683.0065594
0.443,2058.799128608956,2058799128.6089559
0.4435,2058.8994275754912,2058899427.5754912
0.444,2058.999580699711,2058999580.6997108
0.4445,2059.0995887707154,2059099588.7707155
0.445,2059.199452573186,2059199452.5731862
0.4455,2059.2991728874104,2059299172.8874104
0.446,2059.398750489305,2059398750.4893048
0.4465,2059.498186150442,2059498186.1504421
0.447,2059.5974806380746,2059597480.6380746
0.4475,2059.696634715155,2059696634.7151551
0.448,2059.7956491403693,2059795649.1403692
0.4485,2059.8945246681496,2059894524.6681497
0.449,2059.993262048708,2059993262.048708
0.4495,2060.091862028053,2060091862.028053
0.45,2060.1903253480186,2060190325.3480186
0.4505,2060.2886527462842,2060288652.7462842
0.451,2060.3868449563997,2060386844.9563997
0.4515,2060.484902707807,2060484902.707807
0.452,2060.5828267258657,2060582826.7258658
0.4525,2060.680617731874,2060680617.731874
0.453,2060.7782764430926,2060778276.4430926
0.4535,2060.8758035727665,2060875803.5727665
0.454,2060.973199830148,2060973199.8301482
0.4545,2061.0704659205207,2061070465.9205208
0.455,2061.1676025452184,2061167602.5452185
0.4555,2061.264610401651,2061264610.4016511
0.456,2061.361490183324,2061361490.1833239
0.4565,2061.4582425798603,2061458242.5798602
0.457,2061.5548682770263,2061554868.2770264
0.4575,2061.651367956747,2061651367.956747
0.458,2061.747742297133,2061747742.2971327
0.4585,2061.8439919724988,2061843991.9724987
0.459,2061.9401176533856,2061940117.6533856
0.4595,2062.0361200065836,2062036120.0065837
0.46,2062.1319996951493,2062131999.6951492
0.4605,2062.227757378431,2062227757.3784308
0.461,2062.323393712086,2062323393.7120857
0.4615,2062.4189093481036,2062418909.3481035
0.462,2062.5143049348258,2062514304.9348257
0.4625,2062.6095811169657,2062609581.1169658
0.463,2062.7047385356304,2062704738.5356305
0.4635,2062.7997778283398,2062799777.8283398
0.464,2062.894699629047,2062894699.629047
0.4645,2062.989504568158,2062989504.568158
0.465,2063.0841932725534,2063084193.2725534
0.4655,2063.1787663656064,2063178766.3656063
0.466,2063.273224467202,2063273224.467202
0.4665,2063.3675681937602,2063367568.1937602
0.467,2063.4617981582505,2063461798.1582506
0.4675,2063.5559149702153,2063555914.9702153
0.468,2063.649919235787,2063649919.235787
0.4685,2063.7438115577083,2063743811.5577083
0.469,2063.8375925353507,2063837592.5353508
0.4695,2063.9312627647337,2063931262.7647338
0.47,2064.024822838543,2064024822.8385432
0.4705,2064.1182733461505,2064118273.3461506
0.471,2064.211614873632,2064211614.8736317
0.4715,2064.304848003786,2064304848.003786
0.472,2064.3979733161514,2064397973.3161514
0.4725,2064.490991387028,2064490991.387028
0.473,2064.5839027894913,2064583902.7894912
0.4735,2064.676708093414,2064676708.093414
0.474,2064.769407865483,2064769407.865483
0.4745,2064.862002669215,2064862002.6692152
0.475,2064.9544930649786,2064954493.0649786
0.4755,2065.046879610007,2065046879.6100073
0.476,2065.1391628584206,2065139162.8584206
0.4765,2065.231343361241,2065231343.361241
0.477,2065.3234216664096,2065323421.6664095
0.4775,2065.415398318805,2065415398.3188047
0.478,2065.5072738602603,2065507273.8602602
0.4785,2065.59904882958,2065599048.82958
0.479,2065.690723762558,2065690723.7625577
0.4795,2065.7822991919916,2065782299.1919916
0.48,2065.8737756477017,2065873775.6477017
0.4805,2065.965153656548,2065965153.656548
0.481,2066.056433742446,2066056433.7424462
0.4815,2066.1476164263836,2066147616.4263835
0.482,2066.238702226436,2066238702.2264361
0.4825,2066.3296916577856,2066329691.6577857
0.483,2066.4205852327345,2066420585.2327344
0.4835,2066.5113834607223,2066511383.4607222
0.484,2066.6020868483433,2066602086.8483434
0.4845,2066.6926958993604,2066692695.8993604
0.485,2066.7832111147236,2066783211.1147237
0.4855,2066.8736329925814,2066873632.9925814
0.486,2066.963962028302,2066963962.028302
0.4865,2067.0541987144857,2067054198.7144856
0.487,2067.144343540979,2067144343.5409791
0.4875,2067.2343969948965,2067234396.9948967
0.488,2067.3243595606273,2067324359.5606272
0.4885,2067.4142317198584,2067414231.7198584
0.489,2067.5040139515836,2067504013.9515836
0.4895,2067.5937067321233,2067593706.7321234
0.49,2067.683310535139,2067683310.5351388
0.4905,2067.7728258316433,2067772825.8316433
0.491,2067.862253090021,2067862253.0900211
0.4915,2067.9515927760413,2067951592.7760413
0.492,2068.0408453528717,2068040845.3528717
0.4925,2068.130011281093,2068130011.2810931
0.493,2068.2190910187164,2068219091.0187163
0.4935,2068.3080850211936,2068308085.0211935
0.494,2068.396993741435,2068396993.7414348
0.4945,2068.485817629821,2068485817.6298213
0.495,2068.574557134219,2068574557.134219
0.4955,2068.6632126999957,2068663212.6999958
0.496,2068.7517847700306,2068751784.7700305
0.4965,2068.8402737847327,2068840273.7847328
0.497,2068.9286801820517,2068928680.1820517
0.4975,2069.017004397493,2069017004.3974931
0.498,2069.1052468641315,2069105246.8641315
0.4985,2069.193408012625,2069193408.0126247
0.499,2069.281488271227,2069281488.271227
0.4995,2069.3694880658018,2069369488.0658019
0.5,2069.457407819837,2069457407.819837
0.501,2069.6330088884383,2069633008.8884382
0.502,2069.808294817905,2069808294.817905
0.503,2069.983268911936,2069983268.9119363
0.504,2070.1579344374695,2070157934.4374695
0.505,2070.3322946250937,2070332294.6250937
0.506,2070.506352669457,2070506352.6694572
0.507,2070.6801117296686,2070680111.7296686
0.508,2070.8535749296984,2070853574.9296985
0.509,2071.0267453587694,2071026745.3587694
0.51,2071.1996260717483,2071199626.0717483
0.511,2071.372220089531,2071372220.089531
0.512,2071.544530399422,2071544530.399422
0.513,2071.716559955511,2071716559.955511
0.514,2071.888311679047,2071888311.679047
0.515,2072.0597884588046,2072059788.4588046
0.516,2072.230993151448,2072230993.1514478
0.517,2072.4019285818904,2072401928.5818903
0.518,2072.5725975436544,2072572597.5436544
0.519,2072.743002799216,2072743002.7992158
0.52,2072.9131470803586,2072913147.0803585
0.521,2073.083033088515,2073083033.088515
0.522,2073.2526634951078,2073252663.4951077
0.523,2073.422040941884,2073422040.941884
0.524,2073.5911680412505,2073591168.0412505
0.525,2073.7600473766,2073760047.3766
0.526,2073.92868150264,2073928681.5026398
0.527,2074.0970729457076,2074097072.9457076
0.528,2074.265224204095,2074265224.204095
0.529,2074.4331377483586,2074433137.7483585
0.53,2074.600816021631,2074600816.021631
0.531,2074.76826143993,2074768261.43993
0.532,2074.9354763924603,2074935476.3924603
0.533,2075.1024632419135,2075102463.2419136
0.534,2075.2692243247675,2075269224.3247676
0.535,2075.435761951578,2075435761.9515781
0.536,2075.6020784072707,2075602078.4072707
0.537,2075.768175951427,2075768175.9514272
0.538,2075.934056818568,2075934056.818568
0.539,2076.0997232184363,2076099723.2184362
0.54,2076.2651773362727,2076265177.3362727
0.541,2076.4304213330897,2076430421.3330898
0.542,2076.5954573459458,2076595457.3459458
0.543,2076.760287488211,2076760287.488211
0.544,2076.9249138498335,2076924913.8498335
0.545,2077.089338497601,2077089338.497601
0.546,2077.2535634754017,2077253563.4754016
0.547,2077.4175908044795,2077417590.8044794
0.548,2077.5814224836868,2077581422.4836867
0.549,2077.745060489739,2077745060.489739
0.55,2077.908506777456,2077908506.7774558
0.551,2078.071763280015,2078071763.2800152
0.552,2078.2348319091875,2078234831.9091876
0.553,2078.397714555579,2078397714.5555792
0.554,2078.56041308887,2078560413.08887
0.555,2078.7229293580467,2078722929.3580468
0.556,2078.885265191634,2078885265.1916342
0.557,2079.047422397925,2079047422.397925
0.558,2079.2094027652056,2079209402.7652056
0.559,2079.3712080619816,2079371208.0619817
0.56,2079.532840037197,2079532840.0371969
0.561,2079.6943004204554,2079694300.4204555
0.562,2079.8555909222355,2079855590.9222355
0.563,2080.0167132341044,2080016713.2341044
0.564,2080.1776690289316,2080177669.0289316
0.565,2080.338459961095,2080338459.9610949
0.566,2080.4990876666916,2080499087.6666915
0.567,2080.659553763739,2080659553.763739
0.568,2080.8198598523804,2080819859.8523805
0.569,2080.9800075150824,2080980007.5150824
0.57,2081.139998316833,2081139998.316833
0.571,2081.299833805339,2081299833.8053389
0.572,2081.459515511219,2081459515.5112188
0.573,2081.6190449481924,2081619044.9481924
0.574,2081.7784236132716,2081778423.6132715
0.575,2081.937652986947,2081937652.9869468
0.576,2082.0967345333715,2082096734.5333714
0.577,2082.2556697005457,2082255669.7005458
0.578,2082.4144599204965,2082414459.9204965
0.579,2082.573106609456,2082573106.6094558
0.58,2082.7316111680393,2082731611.1680393
0.581,2082.889974981419,2082889974.981419
0.582,2083.048199419497,2083048199.419497
0.583,2083.2062858370755,2083206285.8370755
0.584,2083.364235574028,2083364235.574028
0.585,2083.5220499554625,2083522049.9554625
0.586,2083.6797302918912,2083679730.2918913
0.587,2083.8372778793896,2083837277.8793895
0.588,2083.9946939997603,2083994693.9997604
0.589,2084.151979920692,2084151979.9206922
0.59,2084.309136895919,2084309136.895919
0.591,2084.4661661653745,2084466166.1653745
0.592,2084.6230689553454,2084623068.9553454
0.593,2084.7798464786283,2084779846.4786284
0.594,2084.9364999346753,2084936499.9346755
0.595,2085.0930305097468,2085093030.5097468
0.596,2085.249439377059,2085249439.377059
0.597,2085.405727696927,2085405727.696927
0.598,2085.561896616912,2085561896.616912
0.599,2085.7179472719617,2085717947.2719617
0.6,2085.8738807845534,2085873880.7845535
0.601,2086.029698264832,2086029698.264832
0.602,2086.185400810748,2086185400.8107479
0.603,2086.3409895081945,2086340989.5081944
0.604,2086.496465431141,2086496465.4311411
0.605,2086.651829641767,2086651829.641767
0.606,2086.8070831905957,2086807083.1905956
0.607,2086.962227116621,2086962227.1166208
0.608,2087.1172624474375,2087117262.4474375
0.609,2087.272190199371,2087272190.1993709
0.61,2087.427011377599,2087427011.3775988
0.611,2087.5817269762797,2087581726.9762797
0.612,2087.7363379786734,2087736337.9786735
0.613,2087.890845357264,2087890845.357264
0.614,2088.04525007388,2088045250.0738802
0.615,2088.199553079814,2088199553.079814
0.616,2088.353755315939,2088353755.315939
0.617,2088.5078577128265,2088507857.7128265
0.618,2088.6618611908602,2088661861.1908603
0.619,2088.81576666035,2088815766.66035
0.62,2088.969575021647,2088969575.021647
0.621,2089.1232871652496,2089123287.1652496
0.622,2089.2769039719183,2089276903.9719183
0.623,2089.4304263127833,2089430426.3127832
0.624,2089.5838550494504,2089583855.0494504
0.625,2089.7371910341094,2089737191.0341094
0.626,2089.890435109638,2089890435.109638
0.627,2090.0435881097064,2090043588.1097064
0.628,2090.1966508588794,2090196650.8588793
0.629,2090.349624172719,2090349624.172719
0.63,2090.502508857884,2090502508.8578842
0.631,2090.655305712231,2090655305.712231
0.632,2090.8080155249113,2090808015.5249114
0.633,2090.960639076467,2090960639.076467
0.634,2091.1131771389296,2091113177.1389296
0.635,2091.265630475915,2091265630.4759147
0.636,2091.417999842714,2091417999.8427138
0.637,2091.570285986389,2091570285.9863892
0.638,2091.7224896458642,2091722489.6458642
0.639,2091.8746115520166,2091874611.5520167
0.64,2092.026652427766,2092026652.4277658
0.641,2092.178612988163,2092178612.988163
0.642,2092.3304939404784,2092330493.9404783
0.643,2092.4822959842872,2092482295.9842873
0.644,2092.63401981156,2092634019.81156
0.645,2092.78566610674,2092785666.10674
0.646,2092.9372355468336,2092937235.5468335
0.647,2093.08872880149,2093088728.80149
0.648,2093.2401465330854,2093240146.5330853
0.649,2093.3914893968017,2093391489.3968017
0.65,2093.5427580407077,2093542758.0407076
0.651,2093.6939531058397,2093693953.1058397
0.652,2093.8450752262784,2093845075.2262783
0.653,2093.9961250292276,2093996125.0292277
0.654,2094.1471031350898,2094147103.1350899
0.655,2094.2980101575417,2094298010.1575418
0.656,2094.4488467036113,2094448846.7036111
0.657,2094.599613373751,2094599613.3737507
0.658,2094.750310761908,2094750310.761908
0.659,2094.9009394556037,2094900939.4556038
0.66,2095.0515000359974,2095051500.0359974
0.661,2095.201993077963,2095201993.0779629
0.662,2095.352419150155,2095352419.150155
0.663,2095.5027788150833,2095502778.8150833
0.664,2095.6530726291744,2095653072.6291745
0.665,2095.8033011428447,2095803301.1428447
0.666,2095.9534649005655,2095953464.9005654
0.667,2096.1035644409294,2096103564.4409294
0.668,2096.2536002967163,2096253600.2967162
0.669,2096.4035729949574,2096403572.9949574
0.67,2096.553483056999,2096553483.056999
0.671,2096.7033309985673,2096703330.9985673
0.672,2096.8531173298293,2096853117.3298292
0.673,2097.002842555456,2097002842.555456
0.674,2097.1525071746837,2097152507.1746838
0.675,2097.3021116813725,2097302111.6813724
0.676,2097.451656564068,2097451656.5640678
0.677,2097.601142306061,2097601142.3060608
0.678,2097.750569385443,2097750569.3854432
0.679,2097.8999382751695,2097899938.2751694
0.68,2098.049249443111,2098049249.443111
0.681,2098.198503352113,2098198503.3521132
0.682,2098.3477004600522,2098347700.4600523
0.683,2098.4968412198896,2098496841.2198896
0.684,2098.6459260797283,2098645926.0797284
0.685,2098.794955482864,2098794955.4828641
0.686,2098.9439298678412,2098943929.8678412
0.687,2099.0928496685056,2099092849.6685057
0.688,2099.2417153140555,2099241715.3140554
0.689,2099.390527229093,2099390527.229093
0.69,2099.5392858336777,2099539285.8336778
0.691,2099.6879915433747,2099687991.5433748
0.692,2099.836644769305,2099836644.7693052
0.693,2099.985245918197,2099985245.9181972
0.694,2100.1337953924317,2100133795.3924317
0.695,2100.282293590094,2100282293.590094
0.696,2100.4307409050207,2100430740.9050207
0.697,2100.5791377268442,2100579137.7268443
0.698,2100.7274844410435,2100727484.4410436
0.699,2100.8757814289875,2100875781.4289875
0.7,2101.024029067982,2101024029.0679822
0.701,2101.1722277313143,2101172227.7313142
0.702,2101.3203777882977,2101320377.7882977
0.703,2101.468479604317,2101468479.604317
0.704,2101.6165335408705,2101616533.5408704
0.705,2101.764539955614,2101764539.955614
0.706,2101.912499202402,2101912499.202402
0.707,2102.060411631334,2102060411.6313338
0.708,2102.20827758879,2102208277.5887902
0.709,2102.356097417479,2102356097.4174788
0.71,2102.5038714564716,2102503871.4564717
0.711,2102.651600041249,2102651600.0412488
0.712,2102.7992835037358,2102799283.5037358
0.713,2102.9469221723434,2102946922.1723435
0.714,2103.094516372008,2103094516.372008
0.715,2103.2420664242286,2103242066.4242287
0.716,2103.3895726471055,2103389572.6471055
0.717,2103.5370353553785,2103537035.3553786
0.718,2103.684454860464,2103684454.860464
0.719,2103.8318314704916,2103831831.4704916
0.72,2103.9791654903397,2103979165.4903398
0.721,2104.126457221674,2104126457.2216742
0.722,2104.2737069629798,2104273706.9629798
0.723,2104.4209150096012,2104420915.009601
0.724,2104.5680816537715,2104568081.6537714
0.725,2104.715207184652,2104715207.184652
0.726,2104.8622918883634,2104862291.8883634
0.727,2105.00933604802,2105009336.0480201
0.728,2105.1563399437623,2105156339.9437623
0.729,2105.3033038527933,2105303303.8527932
0.73,2105.4502280494053,2105450228.0494053
0.731,2105.5971128050182,2105597112.8050182
0.732,2105.7439583882074,2105743958.3882074
0.733,2105.8907650647366,2105890765.0647366
0.734,2106.037533097588,2106037533.097588
0.735,2106.1842627469955,2106184262.7469954
0.736,2106.330954270473,2106330954.2704728
0.737,2106.477607922844,2106477607.9228442
0.738,2106.6242239562735,2106624223.9562736
0.739,2106.770802620296,2106770802.6202958
0.74,2106.917344161845,2106917344.161845
0.741,2107.0638488252816,2107063848.8252816
0.742,2107.210316852424,2107210316.8524241
0.743,2107.356748482574,2107356748.482574
0.744,2107.503143952544,2107503143.9525442
0.745,2107.64950349669,2107649503.4966903
0.746,2107.7958273469317,2107795827.3469317
0.747,2107.942115732784,2107942115.7327838
0.748,2108.08836888138,2108088368.88138
0.749,2108.234587017504,2108234587.017504
0.75,2108.3807703636085,2108380770.3636084
0.751,2108.5269191398475,2108526919.1398475
0.752,2108.673033564097,2108673033.564097
0.753,2108.819113851983,2108819113.8519828
0.754,2108.965160216905,2108965160.216905
0.755,2109.111172870061,2109111172.8700612
0.756,2109.257152020473,2109257152.0204728
0.757,2109.4030978750084,2109403097.8750083
0.758,2109.549010638405,2109549010.638405
0.759,2109.694890513296,2109694890.513296
0.76,2109.8407377002313,2109840737.7002313
0.761,2109.986552397702,2109986552.397702
0.762,2110.1323348021597,2110132334.8021598
0.763,2110.278085108045,2110278085.108045
0.764,2110.4238035078047,2110423803.5078046
0.765,2110.569490191915,2110569490.191915
0.766,2110.7151453489037,2110715145.3489037
0.767,2110.860769165372,2110860769.165372
0.768,2111.0063618260156,2111006361.8260155
0.769,2111.1519235136448,2111151923.5136447
0.77,2111.297454409206,2111297454.4092057
0.771,2111.442954691802,2111442954.6918018
0.772,2111.588424538713,2111588424.5387127
0.773,2111.7338641254155,2111733864.1254156
0.774,2111.879273625604,2111879273.6256042
0.775,2112.0246532112083,2112024653.2112083
0.776,2112.1700030524134,2112170003.0524135
0.777,2112.3153233176818,2112315323.3176818
0.778,2112.4606141737677,2112460614.1737676
0.779,2112.6058757857386,2112605875.7857387
0.78,2112.7511083169948,2112751108.3169947
0.781,2112.896311929284,2112896311.9292839
0.782,2113.0414867827244,2113041486.7827244
0.783,2113.1866330358175,2113186633.0358176
0.784,2113.331750845471,2113331750.8454711
0.785,2113.4768403670114,2113476840.3670113
0.786,2113.6219017542044,2113621901.7542043
0.787,2113.766935159273,2113766935.1592731
0.788,2113.91194073291,2113911940.73291
0.789,2114.0569186242997,2114056918.6242998
0.79,2114.201868981132,2114201868.981132
0.791,2114.346791949618,2114346791.9496179
0.792,2114.491687674509,2114491687.6745093
0.793,2114.6365562991114,2114636556.2991114
0.794,2114.781397965299,2114781397.9652991
0.795,2114.926212813536,2114926212.813536
0.796,2115.0710009828845,2115071000.9828844
0.797,2115.2157626110275,2115215762.6110275
0.798,2115.3604978342755,2115360497.8342755
0.799,2115.5052067875913,2115505206.7875912
0.8,2115.649889604596,2115649889.604596
0.801,2115.7945464175896,2115794546.4175897
0.802,2115.9391773575617,2115939177.3575616
0.803,2116.0837825542094,2116083782.5542095
0.804,2116.2283621359475,2116228362.1359475
0.805,2116.372916229926,2116372916.2299259
0.806,2116.517444962042,2116517444.962042
0.807,2116.661948456954,2116661948.4569542
0.808,2116.8064268380954,2116806426.8380954
0.809,2116.9508802276887,2116950880.2276888
0.81,2117.095308746756,2117095308.746756
0.811,2117.239712515135,2117239712.515135
0.812,2117.384091651493,2117384091.6514928
0.813,2117.528446273335,2117528446.2733347
0.814,2117.6727764970196,2117672776.4970195
0.815,2117.817082437772,2117817082.437772
0.816,2117.9613642096965,2117961364.2096965
0.817,2118.1056219257844,2118105621.9257843
0.818,2118.2498556979317,2118249855.6979318
0.819,2118.394065636949,2118394065.636949
0.82,2118.538251852572,2118538251.8525722
0.821,2118.6824144534753,2118682414.4534752
0.822,2118.826553547283,2118826553.547283
0.823,2118.9706692405784,2118970669.2405784
0.824,2119.1147616389203,2119114761.6389203
0.825,2119.2588308468485,2119258830.8468485
0.826,2119.4028769678985,2119402876.9678984
0.827,2119.5469001046113,2119546900.1046112
0.828,2119.6909003585442,2119690900.3585443
0.829,2119.8348778302816,2119834877.8302815
0.83,2119.9788326194453,2119978832.6194453
0.831,2120.122764824706,2120122764.8247058
0.832,2120.2666745437928,2120266674.5437927
0.833,2120.410561873503,2120410561.873503
0.834,2120.554426909713,2120554426.909713
0.835,2120.698269747389,2120698269.747389
0.836,2120.842090480595,2120842090.4805949
0.837,2120.9858892025036,2120985889.2025037
0.838,2121.129666005407,2121129666.0054073
0.839,2121.273420980724,2121273420.980724
0.84,2121.417154219011,2121417154.219011
0.841,2121.560865809972,2121560865.8099718
0.842,2121.704555842465,2121704555.8424652
0.843,2121.848224404516,2121848224.4045157
0.844,2121.991871583323,2121991871.5833228
0.845,2122.1354974652677,2122135497.4652677
0.846,2122.2791021359235,2122279102.1359234
0.847,2122.422685680066,2122422685.680066
0.848,2122.5662481816794,2122566248.1816795
0.849,2122.7097897239637,2122709789.7239637
0.85,2122.85331038935,2122853310.3893502
0.851,2122.9968102595003,2122996810.2595003
0.852,2123.1402894153207,2123140289.4153206
0.853,2123.2837479369696,2123283747.9369695
0.854,2123.4271859038636,2123427185.9038637
0.855,2123.5706033946876,2123570603.3946877
0.856,2123.7140004874013,2123714000.4874012
0.857,2123.8573772592476,2123857377.2592475
0.858,2124.000733786761,2124000733.786761
0.859,2124.1440701457723,2124144070.1457722
0.86,2124.2873864114217,2124287386.4114218
0.861,2124.430682658161,2124430682.658161
0.862,2124.5739589597624,2124573958.9597623
0.863,2124.717215389328,2124717215.389328
0.864,2124.860452019295,2124860452.0192947
0.865,2125.0036689214426,2125003668.9214425
0.866,2125.1468661669005,2125146866.1669004
0.867,2125.2900438261554,2125290043.8261554
0.868,2125.4332019690573,2125433201.9690573
0.869,2125.5763406648266,2125576340.6648266
0.87,2125.7194599820614,2125719459.9820614
0.871,2125.862559988744,2125862559.988744
0.872,2126.0056407522466,2126005640.7522466
0.873,2126.1487023393393,2126148702.3393393
0.874,2126.291744816196,2126291744.8161962
0.875,2126.4347682484,2126434768.2484
0.876,2126.5777727009513,2126577772.7009513
0.877,2126.720758238273,2126720758.238273
0.878,2126.8637249242165,2126863724.9242165
0.879,2127.006672822068,2127006672.8220682
0.88,2127.1496019945566,2127149601.9945567
0.881,2127.2925125038564,2127292512.5038564
0.882,2127.435404411594,2127435404.411594
0.883,2127.5782777788563,2127578277.7788563
0.884,2127.7211326661954,2127721132.6661954
0.885,2127.8639691336316,2127863969.1336317
0.886,2128.006787240663,2128006787.240663
0.887,2128.1495870462677,2128149587.0462677
0.888,2128.2923686089125,2128292368.6089125
0.889,2128.435131986555,2128435131.986555
0.89,2128.577877236654,2128577877.2366538
0.891,2128.7206044161676,2128720604.4161675
0.892,2128.8633135815658,2128863313.5815659
0.893,2129.00600478883,2129006004.78883
0.894,2129.1486780934633,2129148678.0934634
0.895,2129.291333550491,2129291333.5504909
0.896,2129.433971214468,2129433971.2144678
0.897,2129.576591139484,2129576591.1394842
0.898,2129.7191933791682,2129719193.3791683
0.899,2129.8617779866927,2129861777.9866927
0.9,2130.0043450147796,2130004345.0147796
0.901,2130.146894515705,2130146894.5157049
0.902,2130.289426541303,2130289426.541303
0.903,2130.4319411429697,2130431941.1429696
0.904,2130.574438371671,2130574438.371671
0.905,2130.716918277945,2130716918.2779448
0.906,2130.8593809119047,2130859380.9119048
0.907,2131.0018263232473,2131001826.3232474
0.908,2131.1442545612545,2131144254.5612545
0.909,2131.286665674798,2131286665.6747978
0.91,2131.429059712343,2131429059.7123432
0.911,2131.5714367219566,2131571436.7219567
0.912,2131.7137967513063,2131713796.7513063
0.913,2131.8561398476686,2131856139.8476686
0.914,2131.99846605793,2131998466.0579298
0.915,2132.1407754285933,2132140775.4285934
0.916,2132.2830680057805,2132283068.0057805
0.917,2132.4253438352375,2132425343.8352375
0.918,2132.5676029623387,2132567602.9623387
0.919,2132.7098454320876,2132709845.4320877
0.92,2132.852071289125,2132852071.289125
0.921,2132.99428057773,2132994280.57773
0.922,2133.1364733418254,2133136473.3418255
0.923,2133.27864962498,2133278649.62498
0.924,2133.420809470413,2133420809.4704132
0.925,2133.562952920999,2133562952.920999
0.926,2133.7050800192683,2133705080.0192683
0.927,2133.8471908074143,2133847190.8074143
0.928,2133.989285327294,2133989285.327294
0.929,2134.1313636204336,2134131363.6204336
0.93,2134.273425728031,2134273425.728031
0.931,2134.415471690959,2134415471.6909587
0.932,2134.5575015497693,2134557501.5497694
0.933,2134.699515344695,2134699515.344695
0.934,2134.841513115656,2134841513.1156561
0.935,2134.9834949022606,2134983494.9022605
0.936,2135.1254607438073,2135125460.7438073
0.937,2135.267410679291,2135267410.679291
0.938,2135.4093447474047,2135409344.7474048
0.939,2135.5512629865425,2135551262.9865425
0.94,2135.693165434804,2135693165.4348042
0.941,2135.8350521299944,2135835052.1299944
0.942,2135.976923109632,2135976923.109632
0.943,2136.118778410946,2136118778.4109461
0.944,2136.2606180708854,2136260618.0708854
0.945,2136.4024421261147,2136402442.1261146
0.946,2136.544250613025,2136544250.6130247
0.947,2136.6860435677304,2136686043.5677304
0.948,2136.827821026073,2136827821.0260727
0.949,2136.9695830236265,2136969583.0236266
0.95,2137.111329595699,2137111329.5956988
0.951,2137.253060777333,2137253060.7773328
0.952,2137.3947766033125,2137394776.6033125
0.953,2137.5364771081627,2137536477.1081626
0.954,2137.6781623261522,2137678162.3261523
0.955,2137.8198322912986,2137819832.2912986
0.956,2137.9614870373675,2137961487.0373676
0.957,2138.103126597878,2138103126.5978782
0.958,2138.2447510061047,2138244751.0061047
0.959,2138.386360295077,2138386360.2950768
0.96,2138.527954497588,2138527954.497588
0.961,2138.66953364619,2138669533.64619
0.962,2138.8110977732003,2138811097.7732003
0.963,2138.952646910707,2138952646.9107068
0.964,2139.094181090563,2139094181.0905628
0.965,2139.2357003443963,2139235700.3443964
0.966,2139.3772047036077,2139377204.7036078
0.967,2139.5186941993757,2139518694.1993756
0.968,2139.660168862656,2139660168.862656
0.969,2139.8016287241876,2139801628.7241876
0.97,2139.9430738144915,2139943073.8144915
0.971,2140.084504163874,2140084504.1638741
0.972,2140.22591980243,2140225919.80243
0.973,2140.367320760044,2140367320.760044
0.974,2140.5087070663917,2140508707.0663917
0.975,2140.6500787509444,2140650078.7509444
0.976,2140.791435842969,2140791435.842969
0.977,2140.93277837153,2140932778.3715298
0.978,2141.0741063654923,2141074106.3654923
0.979,2141.2154198535245,2141215419.8535244
0.98,2141.3567188640986,2141356718.8640985
0.981,2141.4980034254922,2141498003.4254923
0.982,2141.639273565793,2141639273.5657928
0.983,2141.7805293128968,2141780529.3128967
0.984,2141.921770694513,2141921770.6945128
0.985,2142.062997738164,2142062997.7381642
0.986,2142.204210471189,2142204210.471189
0.987,2142.3454089207444,2142345408.9207444
0.988,2142.4865931138065,2142486593.1138065
0.989,2142.627763077172,2142627763.077172
0.99,2142.7689188374616,2142768918.8374615
0.991,2142.910060421121,2142910060.4211211
0.992,2143.0511878544216,2143051187.8544216
0.993,2143.1923011634644,2143192301.1634645
0.994,2143.3334003741807,2143333400.3741806
0.995,2143.4744855123304,2143474485.5123303
0.996,2143.615556603512,2143615556.6035118
0.997,2143.756613673154,2143756613.6731539
0.998,2143.897656746525,2143897656.7465253
0.999,2144.0386858487313,2144038685.8487313
1.0,2144.179701004719,2144179701.004719
1.001,2144.3207022392753,2144320702.2392752
1.002,2144.4616895770305,2144461689.5770304
1.003,2144.6026630424612,2144602663.0424612
1.004,2144.7436226598875,2144743622.6598876
1.005,2144.8845684534795,2144884568.4534795
1.006,2145.0255004472556,2145025500.4472556
1.007,2145.166418665085,2145166418.665085
1.008,2145.30732313069,2145307323.1306899
1.009,2145.448213867644,2145448213.867644
1.01,2145.5890908993783,2145589090.8993783
1.011,2145.72995424918,2145729954.24918
1.012,2145.8708039401927,2145870803.9401927
1.013,2146.0116399954204,2146011639.9954205
1.014,2146.152462437728,2146152462.437728
1.015,2146.2932712898423,2146293271.2898424
1.016,2146.434066574352,2146434066.574352
1.017,2146.5748483137127,2146574848.3137126
1.018,2146.7156165302454,2146715616.5302453
1.019,2146.856371246137,2146856371.246137
1.02,2146.997112483445,2146997112.4834452
1.021,2147.137840264095,2147137840.2640948
1.022,2147.2785546098853,2147278554.6098852
1.023,2147.419255542485,2147419255.5424852
1.024,2147.559943083439,2147559943.083439
1.025,2147.700617254165,2147700617.254165
1.026,2147.8412780759577,2147841278.075958
1.027,2147.981925569988,2147981925.5699883
1.028,2148.122559757308,2148122559.757308
1.029,2148.263180658845,2148263180.658845
1.03,2148.403788295411,2148403788.2954106
1.031,2148.5443826876976,2148544382.6876974
1.032,2148.6849638562817,2148684963.8562818
1.033,2148.825531821621,2148825531.821621
1.034,2148.9660866040613,2148966086.604061
1.035,2149.106628223833,2149106628.223833
1.036,2149.2471567010552,2149247156.701055
1.037,2149.3876720557355,2149387672.0557356
1.038,2149.5281743077685,2149528174.3077683
1.039,2149.668663476943,2149668663.476943
1.04,2149.8091395829374,2149809139.5829372
1.041,2149.949602645323,2149949602.645323
1.042,2150.0900526835644,2150090052.683564
1.043,2150.2304897170225,2150230489.7170224
1.044,2150.3709137649516,2150370913.7649517
1.045,2150.5113248465045,2150511324.8465047
1.046,2150.6517229807305,2150651722.9807305
1.047,2150.792108186578,2150792108.186578
1.048,2150.932480482895,2150932480.482895
1.049,2151.0728398884285,2151072839.8884287
1.05,2151.2131864218304,2151213186.42183
1.051,2151.353520101651,2151353520.101651
1.052,2151.4938409463457,2151493840.946346
1.053,2151.6341489742745,2151634148.9742746
1.054,2151.7744442037015,2151774444.2037015
1.055,2151.9147266527957,2151914726.652796
1.056,2152.0549963396365,2152054996.3396363
1.057,2152.1952532822065,2152195253.2822065
1.058,2152.3354974984,2152335497.4983997
1.059,2152.4757290060184,2152475729.006018
1.06,2152.615947822775,2152615947.822775
1.061,2152.7561539662934,2152756153.9662933
1.062,2152.896347454109,2152896347.454109
1.063,2153.0365283036704,2153036528.3036704
1.064,2153.1766965323372,2153176696.532337
1.065,2153.316852157387,2153316852.1573873
1.066,2153.4569951960098,2153456995.1960096
1.067,2153.597125665312,2153597125.665312
1.068,2153.7372435823168,2153737243.582317
1.069,2153.877348963964,2153877348.963964
1.07,2154.0174418271117,2154017441.8271117
1.071,2154.1575221885378,2154157522.1885376
1.072,2154.297590064938,2154297590.064938
1.073,2154.4376454729295,2154437645.4729295
1.074,2154.5776884290503,2154577688.4290504
1.075,2154.7177189497597,2154717718.94976
1.076,2154.8577370514386,2154857737.0514383
1.077,2154.9977427503936,2154997742.7503934
1.078,2155.137736062852,2155137736.062852
1.079,2155.2777170049676,2155277717.0049677
1.08,2155.4176855928176,2155417685.592818
1.081,2155.5576418424075,2155557641.8424077
1.082,2155.697585769666,2155697585.769666
1.083,2155.837517390452,2155837517.390452
1.084,2155.9774367205496,2155977436.7205496
1.085,2156.1173437756734,2156117343.7756734
1.086,2156.257238571465,2156257238.571465
1.087,2156.397121123498,2156397121.123498
1.088,2156.536991447274,2156536991.447274
1.089,2156.6768495582264,2156676849.5582266
1.09,2156.81669547172,2156816695.4717197
1.091,2156.956529203051,2156956529.203051
1.092,2157.096350767451,2157096350.767451
1.093,2157.236160180081,2157236160.180081
1.094,2157.375957456038,2157375957.456038
1.095,2157.5157426103533,2157515742.6103535
1.096,2157.655515657993,2157655515.657993
1.097,2157.7952766138583,2157795276.613858
1.098,2157.935025492787,2157935025.4927874
1.099,2158.0747623095535,2158074762.3095536
1.1,2158.214487078869,2158214487.078869
1.101,2158.3541998153833,2158354199.8153834
1.102,2158.4939005336832,2158493900.5336833
1.103,2158.6335892482944,2158633589.2482944
1.104,2158.773265973684,2158773265.973684
1.105,2158.912930724256,2158912930.724256
1.106,2159.0525835143567,2159052583.5143566
1.107,2159.1922243582726,2159192224.3582726
1.108,2159.331853270232,2159331853.2702317
1.109,2159.4714702644037,2159471470.264404
1.11,2159.6110753548996,2159611075.3548994
1.111,2159.7506685557764,2159750668.5557766
1.112,2159.8902498810307,2159890249.8810306
1.113,2160.0298193446047,2160029819.3446045
1.114,2160.169376960385,2160169376.960385
1.115,2160.308922742202,2160308922.742202
1.116,2160.4484567038317,2160448456.7038317
1.117,2160.5879788589955,2160587978.8589954
1.118,2160.7274892213627,2160727489.2213626
1.119,2160.8669878045457,2160866987.804546
1.12,2161.0064746221074,2161006474.6221075
1.121,2161.145949687555,2161145949.687555
1.122,2161.2854130143455,2161285413.0143456
1.123,2161.424864615884,2161424864.615884
1.124,2161.564304505523,2161564304.505523
1.125,2161.703732696566,2161703732.696566
1.126,2161.8431492022637,2161843149.202264
1.127,2161.9825540358192,2161982554.035819
1.128,2162.121947210385,2162121947.210385
1.129,2162.2613287390627,2162261328.739063
1.13,2162.4006986349073,2162400698.6349072
1.131,2162.5400569109242,2162540056.9109244
1.132,2162.6794035800713,2162679403.5800714
1.133,2162.818738655258,2162818738.655258
1.134,2162.9580621493474,2162958062.1493473
1.135,2163.0973740751547,2163097374.075155
1.136,2163.236674445449,2163236674.445449
1.137,2163.3759632729525,2163375963.2729526
1.138,2163.515240570344,2163515240.570344
1.139,2163.654506350253,2163654506.350253
1.14,2163.793760625267,2163793760.625267
1.141,2163.9330034079276,2163933003.4079275
1.142,2164.0722347107317,2164072234.7107315
1.143,2164.2114545461327,2164211454.5461326
1.144,2164.3506629265403,2164350662.9265404
1.145,2164.489859864321,2164489859.8643208
1.146,2164.6290453717966,2164629045.3717966
1.147,2164.7682194612485,2164768219.4612484
1.148,2164.9073821449147,2164907382.1449146
1.149,2165.0465334349906,2165046533.4349904
1.15,2165.185673343631,2165185673.3436313
1.151,2165.3248018829486,2165324801.8829484
1.152,2165.463919065015,2165463919.065015
1.153,2165.6030249018618,2165603024.9018617
1.154,2165.742119405479,2165742119.405479
1.155,2165.881202587817,2165881202.5878167
1.156,2166.020274460787,2166020274.460787
1.157,2166.159335036259,2166159335.036259
1.158,2166.2983843260654,2166298384.3260655
1.159,2166.4374223419995,2166437422.3419995
1.16,2166.576449095814,2166576449.095814
1.161,2166.715464599226,2166715464.599226
1.162,2166.854468863913,2166854468.863913
1.163,2166.993461901515,2166993461.901515
1.164,2167.132443723634,2167132443.723634
1.165,2167.271414341835,2167271414.341835
1.166,2167.4103737676464,2167410373.7676463
1.167,2167.54932201256,2167549322.01256
1.168,2167.6882590880305,2167688259.0880303
1.169,2167.8271850054775,2167827185.0054774
1.17,2167.966099776283,2167966099.7762833
1.171,2168.105003411795,2168105003.411795
1.172,2168.243895923326,2168243895.923326
1.173,2168.3827773221515,2168382777.3221517
1.174,2168.5216476195146,2168521647.6195145
1.175,2168.6605068266226,2168660506.8266225
1.176,2168.7993549546486,2168799354.9546485
1.177,2168.938192014731,2168938192.014731
1.178,2169.0770180179757,2169077018.017976
1.179,2169.2158329754534,2169215832.9754534
1.18,2169.3546368982024,2169354636.8982024
1.181,2169.4934297972277,2169493429.797228
1.182,2169.6322116835017,2169632211.6835017
1.183,2169.7709825679626,2169770982.5679626
1.184,2169.909742461518,2169909742.461518
1.185,2170.048491375043,2170048491.375043
1.186,2170.1872293193787,2170187229.319379
1.187,2170.3259563053366,2170325956.3053365
1.188,2170.4646723436963,2170464672.343696
1.189,2170.6033774452053,2170603377.445205
1.19,2170.7420716205806,2170742071.6205807
1.191,2170.880754880508,2170880754.880508
1.192,2171.019427235642,2171019427.235642
1.193,2171.1580886966076,2171158088.6966076
1.194,2171.296739274,2171296739.274
1.195,2171.4353789783822,2171435378.978382
1.196,2171.574007820289,2171574007.820289
1.197,2171.7126258102253,2171712625.8102255
1.198,2171.8512329586665,2171851232.9586663
1.199,2171.989829276058,2171989829.276058
1.2,2172.1284147728175,2172128414.7728176
1.201,2172.2669894593323,2172266989.4593325
1.202,2172.4055533459614,2172405553.3459616
1.203,2172.5441064430365,2172544106.4430366
1.204,2172.682648760859,2172682648.760859
1.205,2172.8211803097047,2172821180.309705
1.206,2172.959701099819,2172959701.099819
1.207,2173.0982111414205,2173098211.1414204
1.208,2173.2367104447003,2173236710.4447002
1.209,2173.3751990198225,2173375199.0198226
1.21,2173.513676876923,2173513676.876923
1.211,2173.6521440261113,2173652144.026111
1.212,2173.7906004774704,2173790600.4774704
1.213,2173.929046241056,2173929046.241056
1.214,2174.0674813268965,2174067481.3268967
1.215,2174.2059057449956,2174205905.7449956
1.216,2174.3443195053296,2174344319.5053296
1.217,2174.48272261785,2174482722.61785
1.218,2174.621115092481,2174621115.092481
1.219,2174.7594969391216,2174759496.9391217
1.22,2174.897868167646,2174897868.167646
1.221,2175.0362287879016,2175036228.7879014
1.222,2175.1745788097123,2175174578.8097124
1.223,2175.312918242875,2175312918.242875
1.224,2175.4512470971645,2175451247.0971646
1.225,2175.5895653823272,2175589565.382327
1.226,2175.727873108088,2175727873.108088
1.227,2175.866170284145,2175866170.284145
1.228,2176.0044569201746,2176004456.9201746
1.229,2176.1427330258266,2176142733.0258265
1.23,2176.280998610728,2176280998.6107283
1.231,2176.4192536844816,2176419253.6844816
1.232,2176.557498256667,2176557498.2566667
1.233,2176.6957323368397,2176695732.3368397
1.234,2176.833955934532,2176833955.9345317
1.235,2176.9721690592523,2176972169.0592523
1.236,2177.1103717204865,2177110371.7204866
1.237,2177.248563927698,2177248563.9276977
1.238,2177.386745690326,2177386745.6903257
1.239,2177.524917017788,2177524917.017788
1.24,2177.6630779194784,2177663077.9194784
1.241,2177.80122840477,2177801228.40477
1.242,2177.93936848301,2177939368.4830103
1.243,2178.0774981635295,2178077498.1635294
1.244,2178.215617455631,2178215617.4556313
1.245,2178.3537263685994,2178353726.3685994
1.246,2178.491824911696,2178491824.911696
1.247,2178.62991309416,2178629913.09416
1.248,2178.767990925211,2178767990.925211
1.249,2178.906058414045,2178906058.4140453
1.25,2179.0441155698377,2179044115.5698376
1.251,2179.182162401743,2179182162.401743
1.252,2179.3201989188947,2179320198.918895
1.253,2179.4582251304046,2179458225.1304045
1.254,2179.5962410453644,2179596241.0453644
1.255,2179.7342466728446,2179734246.6728444
1.256,2179.872242021895,2179872242.021895
1.257,2180.0102271015453,2180010227.1015453
1.258,2180.1482019208042,2180148201.920804
1.259,2180.286166488661,2180286166.488661
1.26,2180.424120814084,2180424120.814084
1.261,2180.562064906021,2180562064.906021
1.262,2180.699998773401,2180699998.7734013
1.263,2180.837922425134,2180837922.4251337
1.264,2180.9758358701074,2180975835.870107
1.265,2181.1137391171906,2181113739.1171904
1.266,2181.251632175234,2181251632.1752343
1.267,2181.389515053068,2181389515.053068
1.268,2181.527387759503,2181527387.7595034
1.269,2181.665250303331,2181665250.303331
1.27,2181.803102693325,2181803102.693325
1.271,2181.9409449382383,2181940944.938238
1.272,2182.078777046806,2182078777.046806
1.273,2182.216599027743,2182216599.027743
1.274,2182.354410889748,2182354410.889748
1.275,2182.4922126414986,2182492212.6414986
1.276,2182.630004291655,2182630004.291655
1.277,2182.7677858488587,2182767785.848859
1.278,2182.9055573217333,2182905557.3217335
1.279,2183.0433187188837,2183043318.7188835
1.28,2183.181070048896,2183181070.048896
1.281,2183.3188113203396,2183318811.3203397
1.282,2183.456542541766,2183456542.5417657
1.283,2183.594263721707,2183594263.7217073
1.284,2183.731974868678,2183731974.868678
1.285,2183.8696759911772,2183869675.991177
1.286,2184.0073670976835,2184007367.0976834
1.287,2184.1450481966594,2184145048.1966596
1.288,2184.28271929655,2184282719.2965503
1.289,2184.4203804057834,2184420380.405783
1.29,2184.5580315327684,2184558031.5327682
1.291,2184.695672685899,2184695672.685899
1.292,2184.833303873551,2184833303.873551
1.293,2184.9709251040836,2184970925.1040835
1.294,2185.1085363858383,2185108536.3858385
1.295,2185.2461377271406,2185246137.7271404
1.296,2185.3837291362993,2185383729.136299
1.297,2185.5213106216056,2185521310.6216054
1.298,2185.658882191334,2185658882.1913342
1.299,2185.7964438537447,2185796443.8537445
1.3,2185.9339956170784,2185933995.6170783
1.301,2186.071537489561,2186071537.4895606
1.302,2186.209069479402,2186209069.479402
1.303,2186.3465915947954,2186346591.594795
1.304,2186.484103843917,2186484103.8439174
1.305,2186.6216062349295,2186621606.2349296
1.306,2186.7590987759763,2186759098.775976
1.307,2186.8965814751864,2186896581.4751863
1.308,2187.0340543406746,2187034054.3406744
1.309,2187.171517380537,2187171517.380537
1.31,2187.308970602856,2187308970.6028557
1.311,2187.446414015697,2187446414.015697
1.312,2187.5838476271115,2187583847.6271114
1.313,2187.721271445134,2187721271.4451337
1.314,2187.858685477784,2187858685.477784
1.315,2187.9960897330657,2187996089.7330656
1.316,2188.133484218969,2188133484.218969
1.317,2188.270868943467,2188270868.943467
1.318,2188.4082439145177,2188408243.914518
1.319,2188.5456091400656,2188545609.1400657
1.32,2188.6829646280394,2188682964.6280394
1.321,2188.820310386351,2188820310.386351
1.322,2188.9576464229012,2188957646.422901
1.323,2189.0949727455727,2189094972.7455726
1.324,2189.232289362235,2189232289.362235
1.325,2189.3695962807415,2189369596.2807417
1.326,2189.506893508934,2189506893.508934
1.327,2189.6441810546357,2189644181.0546355
1.328,2189.7814589256586,2189781458.9256587
1.329,2189.9187271297983,2189918727.1297984
1.33,2190.055985674837,2190055985.6748366
1.331,2190.1932345685414,2190193234.5685415
1.332,2190.3304738186666,2190330473.8186665
1.333,2190.46770343295,2190467703.43295
1.334,2190.6049234191178,2190604923.419118
1.335,2190.7421337848796,2190742133.7848797
1.336,2190.879334537933,2190879334.5379333
1.337,2191.0165256859614,2191016525.6859612
1.338,2191.1537072366327,2191153707.236633
1.339,2191.290879197603,2191290879.1976027
1.34,2191.428041576513,2191428041.576513
1.341,2191.56519438099,2191565194.38099
1.342,2191.7023376186485,2191702337.6186485
1.343,2191.8394712970885,2191839471.2970886
1.344,2191.9765954238974,2191976595.4238973
1.345,2192.113710006647,2192113710.006647
1.346,2192.2508150528984,2192250815.0528984
1.347,2192.387910570197,2192387910.570197
1.348,2192.5249965660764,2192524996.5660763
1.349,2192.6620730480554,2192662073.048055
1.35,2192.7991400236415,2192799140.0236416
1.351,2192.9361975003267,2192936197.5003266
1.352,2193.073245485592,2193073245.485592
1.353,2193.2102839869035,2193210283.9869037
1.354,2193.347313011716,2193347313.011716
1.355,2193.4843325674697,2193484332.5674696
1.356,2193.6213426615927,2193621342.661593
1.357,2193.7583433015,2193758343.3015003
1.358,2193.895334494595,2193895334.494595
1.359,2194.032316248265,2194032316.2482653
1.36,2194.169288569888,2194169288.569888
1.361,2194.3062514668277,2194306251.466828
1.362,2194.4432049464353,2194443204.9464355
1.363,2194.5801490160493,2194580149.0160494
1.364,2194.7170836829964,2194717083.6829963
1.365,2194.8540089545904,2194854008.9545903
1.366,2194.990924838131,2194990924.838131
1.367,2195.127831340909,2195127831.340909
1.368,2195.264728470199,2195264728.4701986
1.369,2195.4016162332655,2195401616.2332654
1.37,2195.5384946373606,2195538494.6373606
1.371,2195.6753636897242,2195675363.6897244
1.372,2195.812223397583,2195812223.397583
1.373,2195.949073768152,2195949073.768152
1.374,2196.0859148086347,2196085914.8086348
1.375,2196.2227465262217,2196222746.5262218
1.376,2196.359568928093,2196359568.928093
1.377,2196.4963820214143,2196496382.0214143
1.378,2196.6331858133412,2196633185.813341
1.379,2196.769980311017,2196769980.311017
1.38,2196.9067655215736,2196906765.5215735
1.381,2197.04354145213,2197043541.45213
1.382,2197.180308109793,2197180308.1097927
1.383,2197.31706550166,2197317065.5016603
1.384,2197.453813634815,2197453813.634815
1.385,2197.5905525163307,2197590552.5163307
1.386,2197.727282153269,2197727282.153269
1.387,2197.864002552678,2197864002.552678
1.388,2198.000713721596,2198000713.7215962
1.389,2198.1374156670504,2198137415.6670504
1.39,2198.2741083960564,2198274108.396056
1.391,2198.4107919156168,2198410791.915617
1.392,2198.547466232724,2198547466.232724
1.393,2198.68413135436,2198684131.35436
1.394,2198.820787287494,2198820787.287494
1.395,2198.957434039084,2198957434.039084
1.396,2199.0940716160785,2199094071.6160784
1.397,2199.2307000254127,2199230700.0254126
1.398,2199.367319274011,2199367319.274011
1.399,2199.503929368789,2199503929.368789
1.4,2199.6405303166475,2199640530.3166475
1.401,2199.77712212448,2199777122.12448
1.402,2199.913704799166,2199913704.799166
1.403,2200.0502783475763,2200050278.347576
1.404,2200.1868427765694,2200186842.7765694
1.405,2200.3233980929936,2200323398.0929937
1.406,2200.459944303686,2200459944.303686
1.407,2200.5964814154718,2200596481.4154716
1.408,2200.733009435168,2200733009.435168
1.409,2200.8695283695793,2200869528.3695793
1.41,2201.0060382254997,2201006038.2254996
1.411,2201.142539009712,2201142539.009712
1.412,2201.2790307289897,2201279030.7289896
1.413,2201.415513390095,2201415513.3900948
1.414,2201.5519869997793,2201551986.999779
1.415,2201.688451564784,2201688451.564784
1.416,2201.8249070918396,2201824907.09184
1.417,2201.9613535876665,2201961353.5876665
1.418,2202.097791058973,2202097791.0589733
1.419,2202.2342195124597,2202234219.5124598
1.42,2202.370638954815,2202370638.954815
1.421,2202.5070493927183,2202507049.3927183
1.422,2202.643450832837,2202643450.832837
1.423,2202.7798432818295,2202779843.2818294
1.424,2202.9162267463425,2202916226.7463427
1.425,2203.0526012330142,2203052601.233014
1.426,2203.188966748472,2203188966.748472
1.427,2203.3253232993334,2203325323.2993336
1.428,2203.461670892205,2203461670.8922048
1.429,2203.598009533683,2203598009.5336833
1.43,2203.7343392303555,2203734339.2303557
1.431,2203.870659988799,2203870659.988799
1.432,2204.0069718155796,2204006971.8155794
1.433,2204.143274717255,2204143274.7172546
1.434,2204.2795687003713,2204279568.7003713
1.435,2204.415853771466,2204415853.7714663
1.436,2204.5521299370666,2204552129.9370666
1.437,2204.6883972036894,2204688397.2036896
1.438,2204.824655577843,2204824655.5778427
1.439,2204.9609050660233,2204960905.0660233
1.44,2205.0971456747197,2205097145.67472
1.441,2205.23337741041,2205233377.41041
1.442,2205.369600279562,2205369600.279562
1.443,2205.5058142886346,2205505814.288635
1.444,2205.642019444077,2205642019.444077
1.445,2205.778215752329,2205778215.752329
1.446,2205.91440321982,2205914403.21982
1.447,2206.05058185297,2206050581.85297
1.448,2206.1867516581897,2206186751.65819
1.449,2206.322912641881,2206322912.641881
1.45,2206.459064810435,2206459064.810435
1.451,2206.5952081702344,2206595208.170234
1.452,2206.731342727651,2206731342.7276506
1.453,2206.8674684890484,2206867468.4890485
1.454,2207.003585460782,2207003585.4607816
1.455,2207.1396936491947,2207139693.6491947
1.456,2207.275793060622,2207275793.060622
1.457,2207.4118837013907,2207411883.7013907
1.458,2207.547965577817,2207547965.577817
1.459,2207.684038696209,2207684038.696209
1.46,2207.820103062864,2207820103.062864
1.461,2207.9561586840705,2207956158.6840706
1.462,2208.0922055661094,2208092205.5661097
1.463,2208.228243715251,2208228243.7152514
1.464,2208.364273137757,2208364273.1377573
1.465,2208.50029383988,2208500293.83988
1.466,2208.6363058278625,2208636305.8278627
1.467,2208.7723091079392,2208772309.1079392
1.468,2208.908303686336,2208908303.6863356
1.469,2209.0442895692677,2209044289.5692677
1.47,2209.1802667629427,2209180266.762943
1.471,2209.3162352735594,2209316235.2735596
1.472,2209.452195107306,2209452195.107306
1.473,2209.588146270364,2209588146.2703643
1.474,2209.724088768905,2209724088.768905
1.475,2209.860022609091,2209860022.6090913
1.476,2209.9959477970765,2209995947.7970767
1.477,2210.1318643390055,2210131864.3390055
1.478,2210.267772241016,2210267772.241016
1.479,2210.4036715092334,2210403671.5092335
1.48,2210.539562149778,2210539562.149778
1.481,2210.675444168759,2210675444.168759
1.482,2210.811317572278,2210811317.572278
1.483,2210.9471823664276,2210947182.3664274
1.484,2211.0830385572913,2211083038.5572915
1.485,2211.218886150945,2211218886.1509447
1.486,2211.3547251534546,2211354725.153455
1.487,2211.4905555708797,2211490555.5708795
1.488,2211.626377409268,2211626377.409268
1.489,2211.762190674662,2211762190.674662
1.49,2211.8979953730936,2211897995.3730936
1.491,2212.0337915105865,2212033791.5105867
1.492,2212.1695790931562,2212169579.0931563
1.493,2212.30535812681,2212305358.12681
1.494,2212.4411286175464,2212441128.6175466
1.495,2212.5768905713553,2212576890.5713553
1.496,2212.712643994219,2212712643.994219
1.497,2212.8483888921105,2212848388.8921103
1.498,2212.984125270995,2212984125.2709947
1.499,2213.1198531368286,2213119853.1368284
1.5,2213.2555724955605,2213255572.4955606
1.501,2213.3912833531303,2213391283.3531303
1.502,2213.52698571547,2213526985.71547
1.503,2213.662679588503,2213662679.5885034
1.504,2213.798364978145,2213798364.978145
1.505,2213.9340418903025,2213934041.8903027
1.506,2214.069710330875,2214069710.330875
1.507,2214.2053703057527,2214205370.3057528
1.508,2214.3410218208187,2214341021.820819
1.509,2214.4766648819477,2214476664.8819475
1.51,2214.612299495005,2214612299.495005
1.511,2214.74792566585,2214747925.6658497
1.512,2214.883543400332,2214883543.400332
1.513,2215.0191527042934,2215019152.7042933
1.514,2215.154753583569,2215154753.583569
1.515,2215.2903460439843,2215290346.0439844
1.516,2215.4259300913573,2215425930.091357
1.517,2215.5615057314985,2215561505.7314987
1.518,2215.6970729702093,2215697072.970209
1.519,2215.8326318132854,2215832631.8132854
1.52,2215.968182266511,2215968182.266511
1.521,2216.103724335667,2216103724.3356667
1.522,2216.239258026522,2216239258.0265217
1.523,2216.374783344839,2216374783.344839
1.524,2216.5103002963733,2216510300.2963734
1.525,2216.6458088868717,2216645808.886872
1.526,2216.7813091220737,2216781309.1220737
1.527,2216.91680100771,2216916801.00771
1.528,2217.052284549505,2217052284.549505
1.529,2217.187759753174,2217187759.753174
1.53,2217.3232266244254,2217323226.6244254
1.531,2217.4586851689596,2217458685.1689596
1.532,2217.5941353924695,2217594135.3924694
1.533,2217.72957730064,2217729577.30064
1.534,2217.865010899148,2217865010.899148
1.535,2218.0004361936644,2218000436.1936646
1.536,2218.13585318985,2218135853.18985
1.537,2218.2712618933597,2218271261.8933597
1.538,2218.406662309841,2218406662.309841
1.539,2218.542054444933,2218542054.444933
1.54,2218.677438304267,2218677438.304267
1.541,2218.812813893468,2218812813.893468
1.542,2218.948181218152,2218948181.218152
1.543,2219.0835402839284,2219083540.2839284
1.544,2219.218891096399,2219218891.0963993
1.545,2219.354233661158,2219354233.661158
1.546,2219.4895679837923,2219489567.9837923
1.547,2219.6248940698815,2219624894.0698814
1.548,2219.7602119249973,2219760211.9249973
1.549,2219.8955215547035,2219895521.554703
1.55,2220.030822964558,2220030822.964558
1.551,2220.1661161601105,2220166116.1601105
1.552,2220.301401146903,2220301401.146903
1.553,2220.4366779304714,2220436677.9304714
1.554,2220.571946516343,2220571946.516343
1.555,2220.707206910038,2220707206.910038
1.556,2220.8424591170697,2220842459.1170697
1.557,2220.977703142944,2220977703.142944
1.558,2221.1129389931593,2221112938.9931593
1.559,2221.248166673207,2221248166.673207
1.56,2221.3833861885714,2221383386.1885715
1.561,2221.5185975447303,2221518597.54473
1.562,2221.6538007471513,2221653800.7471514
1.563,2221.788995801299,2221788995.8012986
1.564,2221.924182712628,2221924182.712628
1.565,2222.059361486586,2222059361.486586
1.566,2222.1945321286153,2222194532.1286154
1.567,2222.3296946441487,2222329694.644149
1.568,2222.464849038614,2222464849.038614
1.569,2222.5999953174305,2222599995.3174305
1.57,2222.7351334860114,2222735133.4860115
1.571,2222.8702635497616,2222870263.549762
1.572,2223.0053855140804,2223005385.5140805
1.573,2223.140499384359,2223140499.384359
1.574,2223.275605165982,2223275605.1659822
1.575,2223.4107028643275,2223410702.8643274
1.576,2223.5457924847665,2223545792.4847665
1.577,2223.6808740326614,2223680874.0326614
1.578,2223.81594751337,2223815947.5133696
1.579,2223.9510129322407,2223951012.9322405
1.58,2224.086070294618,2224086070.294618
1.581,2224.2211196058365,2224221119.6058364
1.582,2224.3561608712266,2224356160.871227
1.583,2224.491194096109,2224491194.0961094
1.584,2224.6262192858003,2224626219.2858005
1.585,2224.7612364456086,2224761236.4456086
1.586,2224.896245580835,2224896245.580835
1.587,2225.0312466967753,2225031246.6967754
1.588,2225.166239798716,2225166239.798716
1.589,2225.30122489194,2225301224.89194
1.59,2225.436201981721,2225436201.981721
1.591,2225.571171073326,2225571171.0733256
1.592,2225.7061321720166,2225706132.1720166
1.593,2225.8410852830475,2225841085.2830477
1.594,2225.9760304116653,2225976030.4116654
1.595,2226.1109675631114,2226110967.5631113
1.596,2226.24589674262,2226245896.74262
1.597,2226.3808179554176,2226380817.9554176
1.598,2226.515731206726,2226515731.2067256
1.599,2226.650636501758,2226650636.501758
1.6,2226.7855338457225,2226785533.8457227
1.601,2226.920423243819,2226920423.243819
1.602,2227.0553047012427,2227055304.7012424
1.603,2227.190178223181,2227190178.2231812
1.604,2227.3250438148148,2227325043.8148146
1.605,2227.4599014813184,2227459901.4813185
1.606,2227.59475122786,2227594751.22786
1.607,2227.729593059601,2227729593.059601
1.608,2227.8644269816955,2227864426.9816957
1.609,2227.9992529992933,2227999252.9992933
1.61,2228.1340711175344,2228134071.1175346
1.611,2228.2688813415557,2228268881.3415556
1.612,2228.4036836764853,2228403683.6764855
1.613,2228.5384781274456,2228538478.1274457
1.614,2228.673264699553,2228673264.699553
1.615,2228.808043397916,2228808043.3979163
1.616,2228.942814227639,2228942814.2276387
1.617,2229.0775771938174,2229077577.1938176
1.618,2229.2123323015426,2229212332.3015428
1.619,2229.347079555898,2229347079.5558977
1.62,2229.4818189619605,2229481818.9619603
1.621,2229.6165505248023,2229616550.524802
1.622,2229.7512742494873,2229751274.2494874
1.623,2229.885990141074,2229885990.141074
1.624,2230.0206982046157,2230020698.2046156
1.625,2230.1553984451575,2230155398.4451575
1.626,2230.2900908677384,2230290090.8677382
1.627,2230.4247754773924,2230424775.477392
1.628,2230.559452279146,2230559452.279146
1.629,2230.6941212780202,2230694121.2780204
1.63,2230.8287824790295,2230828782.4790297
1.631,2230.9634358871813,2230963435.8871813
1.632,2231.098081507479,2231098081.507479
1.633,2231.2327193449173,2231232719.3449173
1.634,2231.3673494044865,2231367349.4044867
1.635,2231.5019716911697,2231501971.6911697
1.636,2231.636586209944,2231636586.2099442
1.637,2231.771192965781,2231771192.965781
1.638,2231.9057919636452,2231905791.9636455
1.639,2232.0403832084953,2232040383.208495
1.64,2232.1749667052836,2232174966.7052836
1.641,2232.309542458958,2232309542.4589577
1.642,2232.444110474458,2232444110.4744577
1.643,2232.5786707567177,2232578670.7567177
1.644,2232.713223310666,2232713223.310666
1.645,2232.847768141224,2232847768.1412244
1.646,2232.9823052533097,2232982305.2533097
1.647,2233.116834651832,2233116834.651832
1.648,2233.251356341695,2233251356.3416953
1.649,2233.3858703277974,2233385870.3277974
1.65,2233.5203766150307,2233520376.615031
1.651,2233.654875208281,2233654875.208281
1.652,2233.7893661124276,2233789366.1124277
1.653,2233.9238493323464,2233923849.3323464
1.654,2234.0583248729044,2234058324.8729043
1.655,2234.1927927389634,2234192792.738963
1.656,2234.3272529353803,2234327252.9353805
1.657,2234.4617054670052,2234461705.4670053
1.658,2234.596150338683,2234596150.338683
1.659,2234.730587555251,2234730587.555251
1.66,2234.865017121543,2234865017.121543
1.661,2234.9994390423853,2234999439.0423856
1.662,2235.1338533225985,2235133853.3225985
1.663,2235.2682599669974,2235268259.9669976
1.664,2235.402658980392,2235402658.980392
1.665,2235.537050367585,2235537050.3675847
1.666,2235.6714341333736,2235671434.1333737
1.667,2235.80581028255,2235805810.28255
1.668,2235.9401788198998,2235940178.8198996
1.669,2236.074539750203,2236074539.7502027
1.67,2236.2088930782334,2236208893.0782332
1.671,2236.3432388087604,2236343238.80876
1.672,2236.477576946546,2236477576.946546
1.673,2236.611907496347,2236611907.496347
1.674,2236.7462304629157,2236746230.462916
1.675,2236.880545850997,2236880545.850997
1.676,2237.0148536653305,2237014853.6653304
1.677,2237.14915391065,2237149153.9106503
1.678,2237.283446591685,2237283446.591685
1.679,2237.4177317131566,2237417731.7131567
1.68,2237.5520092797833,2237552009.2797832
1.681,2237.686279296275,2237686279.296275
1.682,2237.820541767339,2237820541.7673388
1.683,2237.9547966976743,2237954796.6976743
1.684,2238.089044091975,2238089044.091975
1.685,2238.2232839549306,2238223283.954931
1.686,2238.357516291225,2238357516.291225
1.687,2238.4917411055335,2238491741.1055336
1.688,2238.6259584025292,2238625958.4025292
1.689,2238.76016818688,2238760168.18688
1.69,2238.8943704632447,2238894370.463245
1.691,2239.0285652362786,2239028565.2362785
1.692,2239.162752510633,2239162752.510633
1.693,2239.2969322909503,2239296932.2909503
1.694,2239.43110458187,2239431104.58187
1.695,2239.5652693880256,2239565269.3880258
1.696,2239.6994267140435,2239699426.7140436
1.697,2239.833576564547,2239833576.564547
1.698,2239.967718944152,2239967718.944152
1.699,2240.1018538574695,2240101853.8574696
1.7,2240.2359813091052,2240235981.3091054
1.702,2240.504213845728,2240504213.845728
1.704,2240.7724165907553,2240772416.5907555
1.706,2241.040589580837,2241040589.5808372
1.708,2241.3087328525357,2241308732.8525357
1.71,2241.576846442327,2241576846.442327
1.712,2241.844930386602,2241844930.386602
1.714,2242.1129847216653,2242112984.7216654
1.716,2242.381009483736,2242381009.483736
1.718,2242.649004708948,2242649004.7089477
1.72,2242.9169704333513,2242916970.433351
1.722,2243.1849066929117,2243184906.6929116
1.724,2243.4528135235087,2243452813.5235085
1.726,2243.7206909609404,2243720690.9609404
1.728,2243.988539040921,2243988539.0409207
1.73,2244.256357799079,2244256357.799079
1.732,2244.524147270964,2244524147.270964
1.734,2244.791907492039,2244791907.492039
1.736,2245.0596384976875,2245059638.4976873
1.738,2245.32734032321,2245327340.3232102
1.74,2245.5950130038245,2245595013.0038247
1.742,2245.862656574668,2245862656.574668
1.744,2246.130271070797,2246130271.070797
1.746,2246.397856527186,2246397856.527186
1.748,2246.66541297873,2246665412.9787297
1.75,2246.9329404602418,2246932940.460242
1.752,2247.2004390064562,2247200439.0064564
1.754,2247.4679086520273,2247467908.652027
1.756,2247.7353494315294,2247735349.4315295
1.758,2248.002761379458,2248002761.3794584
1.76,2248.270144530229,2248270144.530229
1.762,2248.5374989181814,2248537498.9181814
1.764,2248.8048245775735,2248804824.5775733
1.766,2249.072121542586,2249072121.542586
1.768,2249.339389847323,2249339389.8473234
1.77,2249.60662952581,2249606629.5258102
1.772,2249.873840611995,2249873840.611995
1.774,2250.1410231397494,2250141023.1397495
1.776,2250.4081771428673,2250408177.142867
1.778,2250.675302655067,2250675302.655067
1.78,2250.942399709989,2250942399.709989
1.782,2251.2094683411997,2251209468.3412
1.784,2251.476508582189,2251476508.582189
1.786,2251.7435204663707,2251743520.4663706
1.788,2252.0105040270832,2252010504.0270834
1.79,2252.277459297591,2252277459.297591
1.792,2252.5443863110836,2252544386.311084
1.794,2252.8112851006745,2252811285.1006746
1.796,2253.0781556994048,2253078155.6994047
1.798,2253.344998140241,2253344998.140241
1.8,2253.6118124560753,2253611812.456075
1.802,2253.8785986797275,2253878598.6797276
1.804,2254.145356843943,2254145356.8439426
1.806,2254.412086981394,2254412086.9813943
1.808,2254.678789124682,2254678789.1246824
1.81,2254.9454633063337,2254945463.3063335
1.812,2255.2121095588045,2255212109.5588045
1.814,2255.4787279144775,2255478727.9144773
1.816,2255.7453184056644,2255745318.4056644
1.818,2256.011881064605,2256011881.0646048
1.82,2256.2784159234675,2256278415.9234676
1.822,2256.5449230143495,2256544923.0143495
1.824,2256.8114023692774,2256811402.3692775
1.826,2257.0778540202073,2257077854.0202074
1.828,2257.3442779990246,2257344277.9990244
1.83,2257.6106743375453,2257610674.3375454
1.832,2257.877043067514,2257877043.067514
1.834,2258.1433842206065,2258143384.2206063
1.836,2258.40969782843,2258409697.82843
1.838,2258.6759839225206,2258675983.9225206
1.84,2258.942242534347,2258942242.534347
1.842,2259.208473695307,2259208473.6953073
1.844,2259.474677436733,2259474677.4367332
1.846,2259.740853789887,2259740853.789887
1.848,2260.007002785962,2260007002.785962
1.85,2260.273124456085,2260273124.456085
1.852,2260.539218831315,2260539218.831315
1.854,2260.8052859426425,2260805285.9426427
1.856,2261.071325820992,2261071325.820992
1.858,2261.3373384972197,2261337338.4972196
1.86,2261.6033240021166,2261603324.0021167
1.862,2261.869282366405,2261869282.366405
1.864,2262.135213620743,2262135213.620743
1.866,2262.4011177957204,2262401117.7957206
1.868,2262.666994921863,2262666994.921863
1.87,2262.93284502963,2262932845.0296297
1.872,2263.198668149415,2263198668.149415
1.874,2263.4644643115466,2263464464.311547
1.876,2263.7302335462878,2263730233.5462875
1.878,2263.9959758838363,2263995975.8838363
1.88,2264.261691354327,2264261691.354327
1.882,2264.5273799878287,2264527379.9878287
1.884,2264.793041814345,2264793041.814345
1.886,2265.058676863819,2265058676.863819
1.888,2265.3242851661257,2265324285.166126
1.89,2265.5898667510796,2265589866.7510796
1.892,2265.85542164843,2265855421.64843
1.894,2266.120949887863,2266120949.887863
1.896,2266.3864514990023,2266386451.4990025
1.898,2266.651926511409,2266651926.511409
1.9,2266.91737495458,2266917374.95458
1.902,2267.182796857952,2267182796.8579516
1.904,2267.4481922508967,2267448192.2508965
1.906,2267.7135611627264,2267713561.1627264
1.908,2267.9789036226894,2267978903.6226892
1.91,2268.2442196599736,2268244219.6599736
1.912,2268.509509303705,2268509509.3037047
1.914,2268.774772582947,2268774772.5829473
1.916,2269.0400095267055,2269040009.5267053
1.918,2269.305220163921,2269305220.1639214
1.92,2269.570404523477,2269570404.523477
1.922,2269.835562634193,2269835562.634193
1.924,2270.1006945248314,2270100694.5248313
1.926,2270.3658002240923,2270365800.2240925
1.928,2270.630879760616,2270630879.7606163
1.93,2270.895933162985,2270895933.162985
1.932,2271.1609604597193,2271160960.459719
1.934,2271.4259616792815,2271425961.6792817
1.936,2271.6909368500737,2271690936.850074
1.938,2271.95588600044,2271955886.00044
1.94,2272.2208091586654,2272220809.158665
1.942,2272.485706352975,2272485706.352975
1.944,2272.750577611537,2272750577.611537
1.946,2273.015422962461,2273015422.962461
1.948,2273.280242433797,2273280242.433797
1.95,2273.5450360535383,2273545036.0535383
1.952,2273.8098038496205,2273809803.8496203
1.954,2274.0745458499214,2274074545.849921
1.956,2274.3392620822597,2274339262.0822597
1.958,2274.6039525743995,2274603952.5743995
1.96,2274.8686173540473,2274868617.3540473
1.962,2275.13325644885,2275133256.4488497
1.964,2275.3978698864003,2275397869.8864
1.966,2275.6624576942345,2275662457.6942344
1.968,2275.927019899831,2275927019.8998313
1.97,2276.1915565306126,2276191556.5306125
1.972,2276.4560676139467,2276456067.613947
1.974,2276.720553177143,2276720553.1771426
1.976,2276.985013247458,2276985013.247458
1.978,2277.24944785209,2277249447.85209
1.98,2277.513857018184,2277513857.0181837
1.982,2277.778240772828,2277778240.772828
1.984,2278.042599143057,2278042599.143057
1.986,2278.3069321558496,2278306932.1558495
1.988,2278.5712398381293,2278571239.838129
1.99,2278.835522216767,2278835522.216767
1.992,2279.099779318577,2279099779.318577
1.994,2279.3640111703207,2279364011.1703205
1.996,2279.6282177987055,2279628217.7987056
1.998,2279.8923992303835,2279892399.2303834
2.0,2280.156555491954,2280156555.491954
2.005,2280.8168362007373,2280816836.2007375
2.01,2281.476960175434,2281476960.175434
2.015,2282.136927827291,2282136927.827291
2.02,2282.7967395654973,2282796739.5654974
2.025,2283.456395797202,2283456395.7972016
2.03,2284.1158969275275,2284115896.9275274
2.035,2284.775243359584,2284775243.359584
2.04,2285.434435494486,2285434435.494486
2.045,2286.093473731365,2286093473.731365
2.05,2286.752358467386,2286752358.467386
2.055,2287.4110900977594,2287411090.0977592
2.06,2288.069669015757,2288069669.015757
2.065,2288.728095612726,2288728095.612726
2.07,2289.3863702781014,2289386370.2781014
2.075,2290.0444933994213,2290044493.399421
2.08,2290.70246536234,2290702465.36234
2.085,2291.3602865506414,2291360286.5506415
2.09,2292.0179573462524,2292017957.3462524
2.095,2292.675478129256,2292675478.1292562
2.1,2293.3328492779056,2293332849.2779055
2.105,2293.990071168637,2293990071.168637
2.11,2294.6471441760787,2294647144.176079
2.115,2295.304068673071,2295304068.673071
2.12,2295.9608450306728,2295960845.0306726
2.125,2296.6174736181765,2296617473.6181765
2.13,2297.2739548031204,2297273954.8031206
2.135,2297.930288951301,2297930288.951301
2.14,2298.5864764267844,2298586476.4267845
2.145,2299.242517591919,2299242517.591919
2.15,2299.8984128073475,2299898412.807348
2.155,2300.5541624320185,2300554162.4320188
2.16,2301.209766823198,2301209766.8231983
2.165,2301.865226336482,2301865226.336482
2.17,2302.5205413258063,2302520541.325806
2.175,2303.17571214346,2303175712.14346
2.18,2303.830739140095,2303830739.1400948
2.185,2304.485622664738,2304485622.664738
2.19,2305.140363064802,2305140363.064802
2.195,2305.7949606860966,2305794960.6860967
2.2,2306.44941587284,2306449415.87284
2.205,2307.1037289676665,2307103728.9676666
2.21,2307.7579003116425,2307757900.3116426
2.215,2308.4119302442728,2308411930.2442727
2.22,2309.0658191035127,2309065819.103513
2.225,2309.7195672257794,2309719567.2257795
2.23,2310.3731749459585,2310373174.9459586
2.235,2311.0266425974205,2311026642.5974207
2.24,2311.6799705120256,2311679970.512026
2.245,2312.3331590201356,2312333159.0201354
2.25,2312.9862084506235,2312986208.4506235
2.255,2313.6391191308853,2313639119.130885
2.26,2314.2918913868466,2314291891.3868465
2.265,2314.944525542975,2314944525.542975
2.27,2315.597021922288,2315597021.922288
2.275,2316.249380846364,2316249380.846364
2.28,2316.90160263535,2316901602.63535
2.285,2317.553687607973,2317553687.607973
2.29,2318.2056360815477,2318205636.0815477
2.295,2318.857448371986,2318857448.371986
2.3,2319.5091247938067,2319509124.7938066
2.305,2320.1606656601443,2320160665.6601443
2.31,2320.812071282758,2320812071.282758
2.315,2321.4633419720412,2321463341.972041
2.32,2322.114478037027,2322114478.037027
2.325,2322.765479785403,2322765479.785403
2.33,2323.416347523515,2323416347.523515
2.335,2324.067081556377,2324067081.556377
2.34,2324.7176821876797,2324717682.18768
2.345,2325.3681497198004,2325368149.7198005
2.35,2326.0184844538103,2326018484.45381
2.355,2326.6686866894793,2326668686.6894794
2.36,2327.3187567252926,2327318756.7252927
2.365,2327.968694858451,2327968694.858451
2.37,2328.618501384881,2328618501.384881
2.375,2329.268176599246,2329268176.599246
2.38,2329.917720794951,2329917720.794951
2.385,2330.5671342641517,2330567134.2641516
2.39,2331.2164172977627,2331216417.297763
2.395,2331.8655701854627,2331865570.185463
2.4,2332.5145932157075,2332514593.2157073
2.405,2333.1634866757304,2333163486.67573
2.41,2333.8122508515576,2333812250.8515577
2.415,2334.4608860280105,2334460886.0280104
2.42,2335.1093924887127,2335109392.488713
2.425,2335.757770516102,2335757770.516102
2.43,2336.406020391434,2336406020.391434
2.435,2337.0541423947893,2337054142.394789
2.44,2337.7021368050837,2337702136.8050838
2.445,2338.350003900073,2338350003.9000726
2.45,2338.997743956358,2338997743.956358
2.455,2339.6453572493983,2339645357.249398
2.46,2340.2928440535125,2340292844.0535126
2.465,2340.9402046418877,2340940204.6418877
2.47,2341.5874392865876,2341587439.2865877
2.475,2342.234548258557,2342234548.258557
2.48,2342.88153182763,2342881531.82763
2.485,2343.528390262537,2343528390.262537
2.49,2344.1751238309107,2344175123.8309107
2.495,2344.8217327992916,2344821732.7992916
2.5,2345.4682174331374,2345468217.4331374
2.505,2346.114577996826,2346114577.996826
2.51,2346.7608147536657,2346760814.753666
2.515,2347.406927965899,2347406927.965899
2.52,2348.052917894708,2348052917.894708
2.525,2348.698784800225,2348698784.800225
2.53,2349.344528941534,2349344528.941534
2.535,2349.9901505766807,2349990150.5766807
2.54,2350.635649962675,2350635649.962675
2.545,2351.2810273555006,2351281027.3555007
2.55,2351.926283010119,2351926283.010119
2.555,2352.5714171804757,2352571417.1804757
2.56,2353.216430119507,2353216430.1195073
2.565,2353.861322079145,2353861322.079145
2.57,2354.5060933103236,2354506093.3103237
2.575,2355.1507440629853,2355150744.0629854
2.58,2355.7952745860857,2355795274.586086
2.585,2356.4396851276,2356439685.1276
2.59,2357.0839759345286,2357083975.9345284
2.595,2357.728147252902,2357728147.252902
2.6,2358.3721993277886,2358372199.327789
2.605,2359.016132403296,2359016132.403296
2.61,2359.6599467225824,2359659946.7225823
2.615,2360.303642527857,2360303642.527857
2.62,2360.947220060387,2360947220.0603867
2.625,2361.5906795605038,2361590679.560504
2.63,2362.234021267609,2362234021.267609
2.635,2362.877245420177,2362877245.420177
2.64,2363.520352255764,2363520352.255764
2.645,2364.163342011008,2364163342.011008
2.65,2364.806214921639,2364806214.921639
2.655,2365.4489712224827,2365448971.2224827
2.66,2366.0916111474635,2366091611.1474633
2.665,2366.7341349296134,2366734134.9296136
2.67,2367.3765428010734,2367376542.8010736
2.675,2368.0188349930995,2368018834.9930997
2.68,2368.6610117360697,2368661011.7360697
2.685,2369.303073259487,2369303073.259487
2.69,2369.9450197919837,2369945019.7919836
2.695,2370.5868515613283,2370586851.5613284
2.7,2371.228568794429,2371228568.7944293
2.705,2371.8701717173376,2371870171.7173376
2.71,2372.5116605552575,2372511660.5552573
2.715,2373.153035532546,2373153035.5325456
2.72,2373.7942968727166,2373794296.8727164
2.725,2374.4354447984497,2374435444.7984495
2.73,2375.0764795315918,2375076479.531592
2.735,2375.7174012931628,2375717401.293163
2.74,2376.3582103033605,2376358210.3033605
2.745,2376.998906781563,2376998906.7815633
2.75,2377.639490946336,2377639490.9463363
2.755,2378.279963015436,2378279963.0154357
2.76,2378.9203232058135,2378920323.2058134
2.765,2379.560571733619,2379560571.7336187
2.77,2380.2007088142077,2380200708.8142076
2.775,2380.8407346621416,2380840734.662142
2.78,2381.4806494911963,2381480649.491196
2.785,2382.120453514364,2382120453.514364
2.79,2382.760146943857,2382760146.9438567
2.795,2383.3997299911143,2383399729.991114
2.8,2384.039202866803,2384039202.866803
2.805,2384.6785657808236,2384678565.7808237
2.81,2385.3178189423156,2385317818.9423156
2.815,2385.956962559658,2385956962.559658
2.82,2386.5959968404786,2386595996.8404784
2.825,2387.2349219916514,2387234921.9916515
2.83,2387.8737382193067,2387873738.2193065
2.835,2388.512445728832,2388512445.7288322
2.84,2389.1510447248756,2389151044.7248755
2.845,2389.7895354113525,2389789535.4113526
2.85,2390.427917991446,2390427917.991446
2.855,2391.066192667614,2391066192.667614
2.86,2391.70435964159,2391704359.64159
2.865,2392.3424191143904,2392342419.1143904
2.87,2392.9803712863145,2392980371.2863145
2.875,2393.618216356951,2393618216.356951
2.88,2394.2559545251806,2394255954.525181
2.885,2394.893585989181,2394893585.9891806
2.89,2395.531110946426,2395531110.946426
2.895,2396.1685295936973,2396168529.593697
2.9,2396.8058421270803,2396805842.1270804
2.905,2397.4430487419713,2397443048.7419715
2.91,2398.080149633082,2398080149.633082
2.915,2398.7171449944394,2398717144.9944396
2.92,2399.354035019395,2399354035.019395
2.925,2399.9908199006204,2399990819.9006205
2.93,2400.6274998301196,2400627499.8301196
2.935,2401.264074999225,2401264074.999225
2.94,2401.9005455986057,2401900545.5986056
2.945,2402.536911818269,2402536911.818269
2.95,2403.173173847563,2403173173.847563
2.955,2403.8093318751808,2403809331.8751807
2.96,2404.4453860891663,2404445386.089166
2.965,2405.081336676913,2405081336.676913
2.97,2405.717183825169,2405717183.8251686
2.975,2406.3529277200428,2406352927.7200427
2.98,2406.988568547003,2406988568.5470033
2.985,2407.624106490883,2407624106.4908834
2.99,2408.2595417358853,2408259541.735885
2.995,2408.8948744655822,2408894874.4655824
3.0,2409.5301048629217,2409530104.8629217
